{"ResultState":0,"Routes":[{"Waypoints":[{"VisitId":-1,"StartTime":0},{"VisitId":0,"StartTime":2389},{"VisitId":8,"StartTime":4984},{"VisitId":6,"StartTime":7798},{"VisitId":1,"StartTime":11267},{"VisitId":-1,"StartTime":17646}],"SantaId":0},{"Waypoints":[{"VisitId":-1,"StartTime":86400},{"VisitId":2,"StartTime":86646},{"VisitId":7,"StartTime":90342},{"VisitId":9,"StartTime":94062},{"VisitId":3,"StartTime":96209},{"VisitId":4,"StartTime":100046},{"VisitId":5,"StartTime":102302},{"VisitId":-1,"StartTime":105109}],"SantaId":0}],"NonEmptyRoutes":[{"Waypoints":[{"VisitId":-1,"StartTime":0},{"VisitId":0,"StartTime":2389},{"VisitId":8,"StartTime":4984},{"VisitId":6,"StartTime":7798},{"VisitId":1,"StartTime":11267},{"VisitId":-1,"StartTime":17646}],"SantaId":0},{"Waypoints":[{"VisitId":-1,"StartTime":86400},{"VisitId":2,"StartTime":86646},{"VisitId":7,"StartTime":90342},{"VisitId":9,"StartTime":94062},{"VisitId":3,"StartTime":96209},{"VisitId":4,"StartTime":100046},{"VisitId":5,"StartTime":102302},{"VisitId":-1,"StartTime":105109}],"SantaId":0}],"OptimizationInput":{"Visits":[{"Id":0,"Desired":[],"Unavailable":[{"Item1":-2147483648,"Item2":-1},{"Item1":32401,"Item2":86399},{"Item1":118801,"Item2":2147483647}],"Duration":2493,"WayCostFromHome":2389,"WayCostToHome":2389,"SantaId":0,"IsBreak":false},{"Id":1,"Desired":[],"Unavailable":[{"Item1":-2147483648,"Item2":-1},{"Item1":32401,"Item2":86399},{"Item1":118801,"Item2":2147483647}],"Duration":3329,"WayCostFromHome":3050,"WayCostToHome":3050,"SantaId":0,"IsBreak":false},{"Id":2,"Desired":[],"Unavailable":[{"Item1":-2147483648,"Item2":-1},{"Item1":32401,"Item2":86399},{"Item1":118801,"Item2":2147483647}],"Duration":2468,"WayCostFromHome":246,"WayCostToHome":246,"SantaId":0,"IsBreak":false},{"Id":3,"Desired":[],"Unavailable":[{"Item1":-2147483648,"Item2":-1},{"Item1":32401,"Item2":86399},{"Item1":118801,"Item2":2147483647}],"Duration":3313,"WayCostFromHome":1411,"WayCostToHome":1411,"SantaId":0,"IsBreak":false},{"Id":4,"Desired":[],"Unavailable":[{"Item1":-2147483648,"Item2":-1},{"Item1":32401,"Item2":86399},{"Item1":118801,"Item2":2147483647}],"Duration":1949,"WayCostFromHome":985,"WayCostToHome":985,"SantaId":0,"IsBreak":false},{"Id":5,"Desired":[],"Unavailable":[{"Item1":-2147483648,"Item2":-1},{"Item1":32401,"Item2":86399},{"Item1":118801,"Item2":2147483647}],"Duration":2081,"WayCostFromHome":726,"WayCostToHome":726,"SantaId":0,"IsBreak":false},{"Id":6,"Desired":[],"Unavailable":[{"Item1":-2147483648,"Item2":-1},{"Item1":32401,"Item2":86399},{"Item1":118801,"Item2":2147483647}],"Duration":2926,"WayCostFromHome":3322,"WayCostToHome":3322,"SantaId":0,"IsBreak":false},{"Id":7,"Desired":[],"Unavailable":[{"Item1":-2147483648,"Item2":-1},{"Item1":32401,"Item2":86399},{"Item1":118801,"Item2":2147483647}],"Duration":2433,"WayCostFromHome":1409,"WayCostToHome":1409,"SantaId":0,"IsBreak":false},{"Id":8,"Desired":[],"Unavailable":[{"Item1":-2147483648,"Item2":-1},{"Item1":32401,"Item2":86399},{"Item1":118801,"Item2":2147483647}],"Duration":1970,"WayCostFromHome":2491,"WayCostToHome":2491,"SantaId":0,"IsBreak":false},{"Id":9,"Desired":[],"Unavailable":[{"Item1":-2147483648,"Item2":-1},{"Item1":32401,"Item2":86399},{"Item1":118801,"Item2":2147483647}],"Duration":1849,"WayCostFromHome":1645,"WayCostToHome":1645,"SantaId":0,"IsBreak":false}],"Santas":[{"Id":0}],"Days":[{"Item1":0,"Item2":32400},{"Item1":86400,"Item2":118800}],"RouteCosts":[[0,704,2507,1182,1690,1755,947,2484,102,1209],[704,0,3147,1734,2258,2378,543,2933,619,1658],[2507,3147,0,1454,975,772,3449,1228,2610,1656],[1182,1734,1454,0,524,688,2115,1326,1281,298],[1690,2258,975,524,0,307,2631,931,1791,682],[1755,2378,772,688,307,0,2702,1124,1857,921],[947,543,3449,2115,2631,2702,0,3382,844,2095],[2484,2933,1228,1326,931,1124,3382,0,2578,1287],[102,619,2610,1281,1791,1857,844,2578,0,1298],[1209,1658,1656,298,682,921,2095,1287,1298,0]]},"TimeElapsed":601}