{"ResultState":0,"Routes":[{"Waypoints":[{"VisitId":-1,"StartTime":360},{"VisitId":17,"StartTime":1800},{"VisitId":22,"StartTime":3720},{"VisitId":24,"StartTime":6360},{"VisitId":23,"StartTime":9000},{"VisitId":15,"StartTime":10920},{"VisitId":30,"StartTime":13080},{"VisitId":-1,"StartTime":15840}],"SantaId":1},{"Waypoints":[{"VisitId":-1,"StartTime":86400},{"VisitId":2,"StartTime":86686},{"VisitId":11,"StartTime":88719},{"VisitId":26,"StartTime":89919},{"VisitId":10,"StartTime":91581},{"VisitId":9,"StartTime":92938},{"VisitId":6,"StartTime":94851},{"VisitId":21,"StartTime":96579},{"VisitId":-1,"StartTime":98496}],"SantaId":1},{"Waypoints":[{"VisitId":-1,"StartTime":86400},{"VisitId":7,"StartTime":86939},{"VisitId":8,"StartTime":88552},{"VisitId":12,"StartTime":91728},{"VisitId":14,"StartTime":94837},{"VisitId":13,"StartTime":96637},{"VisitId":16,"StartTime":98471},{"VisitId":-1,"StartTime":101526}],"SantaId":2},{"Waypoints":[{"VisitId":-1,"StartTime":87960},{"VisitId":1,"StartTime":88680},{"VisitId":0,"StartTime":90720},{"VisitId":32,"StartTime":92520},{"VisitId":5,"StartTime":95160},{"VisitId":4,"StartTime":96600},{"VisitId":3,"StartTime":98520},{"VisitId":31,"StartTime":100320},{"VisitId":-1,"StartTime":102120}],"SantaId":0},{"Waypoints":[{"VisitId":-1,"StartTime":0},{"VisitId":19,"StartTime":170},{"VisitId":20,"StartTime":1867},{"VisitId":27,"StartTime":4231},{"VisitId":28,"StartTime":6455},{"VisitId":25,"StartTime":8509},{"VisitId":29,"StartTime":10192},{"VisitId":18,"StartTime":11901},{"VisitId":-1,"StartTime":13753}],"SantaId":2}],"NonEmptyRoutes":[{"Waypoints":[{"VisitId":-1,"StartTime":360},{"VisitId":17,"StartTime":1800},{"VisitId":22,"StartTime":3720},{"VisitId":24,"StartTime":6360},{"VisitId":23,"StartTime":9000},{"VisitId":15,"StartTime":10920},{"VisitId":30,"StartTime":13080},{"VisitId":-1,"StartTime":15840}],"SantaId":1},{"Waypoints":[{"VisitId":-1,"StartTime":86400},{"VisitId":2,"StartTime":86686},{"VisitId":11,"StartTime":88719},{"VisitId":26,"StartTime":89919},{"VisitId":10,"StartTime":91581},{"VisitId":9,"StartTime":92938},{"VisitId":6,"StartTime":94851},{"VisitId":21,"StartTime":96579},{"VisitId":-1,"StartTime":98496}],"SantaId":1},{"Waypoints":[{"VisitId":-1,"StartTime":86400},{"VisitId":7,"StartTime":86939},{"VisitId":8,"StartTime":88552},{"VisitId":12,"StartTime":91728},{"VisitId":14,"StartTime":94837},{"VisitId":13,"StartTime":96637},{"VisitId":16,"StartTime":98471},{"VisitId":-1,"StartTime":101526}],"SantaId":2},{"Waypoints":[{"VisitId":-1,"StartTime":87960},{"VisitId":1,"StartTime":88680},{"VisitId":0,"StartTime":90720},{"VisitId":32,"StartTime":92520},{"VisitId":5,"StartTime":95160},{"VisitId":4,"StartTime":96600},{"VisitId":3,"StartTime":98520},{"VisitId":31,"StartTime":100320},{"VisitId":-1,"StartTime":102120}],"SantaId":0},{"Waypoints":[{"VisitId":-1,"StartTime":0},{"VisitId":19,"StartTime":170},{"VisitId":20,"StartTime":1867},{"VisitId":27,"StartTime":4231},{"VisitId":28,"StartTime":6455},{"VisitId":25,"StartTime":8509},{"VisitId":29,"StartTime":10192},{"VisitId":18,"StartTime":11901},{"VisitId":-1,"StartTime":13753}],"SantaId":2}],"OptimizationInput":{"Visits":[{"Id":0,"Desired":[{"Item1":90000,"Item2":102600}],"Unavailable":[{"Item1":0,"Item2":10800},{"Item1":-2147483648,"Item2":-1},{"Item1":18001,"Item2":86399},{"Item1":104401,"Item2":2147483647}],"Duration":1500,"WayCostFromHome":701,"WayCostToHome":701,"SantaId":0,"IsBreak":false},{"Id":1,"Desired":[{"Item1":86400,"Item2":102600}],"Unavailable":[{"Item1":0,"Item2":10800},{"Item1":-2147483648,"Item2":-1},{"Item1":18001,"Item2":86399},{"Item1":104401,"Item2":2147483647}],"Duration":1800,"WayCostFromHome":594,"WayCostToHome":594,"SantaId":0,"IsBreak":false},{"Id":2,"Desired":[{"Item1":86400,"Item2":102600}],"Unavailable":[{"Item1":-2147483648,"Item2":-1},{"Item1":18001,"Item2":86399},{"Item1":104401,"Item2":2147483647}],"Duration":1500,"WayCostFromHome":286,"WayCostToHome":286,"SantaId":0,"IsBreak":false},{"Id":3,"Desired":[{"Item1":86400,"Item2":102600}],"Unavailable":[{"Item1":-2147483648,"Item2":-1},{"Item1":18001,"Item2":86399},{"Item1":104401,"Item2":2147483647}],"Duration":1500,"WayCostFromHome":449,"WayCostToHome":449,"SantaId":0,"IsBreak":false},{"Id":4,"Desired":[{"Item1":86400,"Item2":102600}],"Unavailable":[{"Item1":0,"Item2":10800},{"Item1":-2147483648,"Item2":-1},{"Item1":18001,"Item2":86399},{"Item1":104401,"Item2":2147483647}],"Duration":1800,"WayCostFromHome":495,"WayCostToHome":495,"SantaId":0,"IsBreak":false},{"Id":5,"Desired":[{"Item1":86400,"Item2":102600}],"Unavailable":[{"Item1":0,"Item2":10800},{"Item1":-2147483648,"Item2":-1},{"Item1":18001,"Item2":86399},{"Item1":104401,"Item2":2147483647}],"Duration":1200,"WayCostFromHome":564,"WayCostToHome":564,"SantaId":0,"IsBreak":false},{"Id":6,"Desired":[{"Item1":86400,"Item2":102600}],"Unavailable":[{"Item1":0,"Item2":10800},{"Item1":-2147483648,"Item2":-1},{"Item1":18001,"Item2":86399},{"Item1":104401,"Item2":2147483647}],"Duration":1500,"WayCostFromHome":189,"WayCostToHome":189,"SantaId":0,"IsBreak":false},{"Id":7,"Desired":[{"Item1":86400,"Item2":102600}],"Unavailable":[{"Item1":0,"Item2":10800},{"Item1":-2147483648,"Item2":-1},{"Item1":18001,"Item2":86399},{"Item1":104401,"Item2":2147483647}],"Duration":1500,"WayCostFromHome":539,"WayCostToHome":539,"SantaId":0,"IsBreak":false},{"Id":8,"Desired":[{"Item1":88200,"Item2":102600}],"Unavailable":[{"Item1":0,"Item2":10800},{"Item1":-2147483648,"Item2":-1},{"Item1":18001,"Item2":86399},{"Item1":104401,"Item2":2147483647}],"Duration":1500,"WayCostFromHome":651,"WayCostToHome":651,"SantaId":0,"IsBreak":false},{"Id":9,"Desired":[{"Item1":86400,"Item2":102600}],"Unavailable":[{"Item1":-2147483648,"Item2":-1},{"Item1":18001,"Item2":86399},{"Item1":104401,"Item2":2147483647}],"Duration":1200,"WayCostFromHome":812,"WayCostToHome":812,"SantaId":0,"IsBreak":false},{"Id":10,"Desired":[{"Item1":86400,"Item2":102600}],"Unavailable":[{"Item1":0,"Item2":10800},{"Item1":-2147483648,"Item2":-1},{"Item1":18001,"Item2":86399},{"Item1":104401,"Item2":2147483647}],"Duration":1200,"WayCostFromHome":664,"WayCostToHome":664,"SantaId":0,"IsBreak":false},{"Id":11,"Desired":[{"Item1":86400,"Item2":102600}],"Unavailable":[{"Item1":0,"Item2":10800},{"Item1":-2147483648,"Item2":-1},{"Item1":18001,"Item2":86399},{"Item1":104401,"Item2":2147483647}],"Duration":1200,"WayCostFromHome":605,"WayCostToHome":605,"SantaId":0,"IsBreak":false},{"Id":12,"Desired":[{"Item1":88200,"Item2":91800}],"Unavailable":[{"Item1":0,"Item2":10800},{"Item1":-2147483648,"Item2":-1},{"Item1":18001,"Item2":86399},{"Item1":104401,"Item2":2147483647}],"Duration":2700,"WayCostFromHome":1145,"WayCostToHome":1145,"SantaId":0,"IsBreak":false},{"Id":13,"Desired":[{"Item1":88230,"Item2":102600}],"Unavailable":[{"Item1":0,"Item2":10800},{"Item1":-2147483648,"Item2":-1},{"Item1":18001,"Item2":86399},{"Item1":104401,"Item2":2147483647}],"Duration":1500,"WayCostFromHome":1282,"WayCostToHome":1282,"SantaId":0,"IsBreak":false},{"Id":14,"Desired":[{"Item1":86400,"Item2":102600}],"Unavailable":[{"Item1":0,"Item2":10800},{"Item1":-2147483648,"Item2":-1},{"Item1":18001,"Item2":86399},{"Item1":104401,"Item2":2147483647}],"Duration":1500,"WayCostFromHome":1553,"WayCostToHome":1553,"SantaId":0,"IsBreak":false},{"Id":15,"Desired":[{"Item1":90000,"Item2":93600}],"Unavailable":[{"Item1":86400,"Item2":90000},{"Item1":-2147483648,"Item2":-1},{"Item1":18001,"Item2":86399},{"Item1":104401,"Item2":2147483647}],"Duration":1500,"WayCostFromHome":1145,"WayCostToHome":1145,"SantaId":0,"IsBreak":false},{"Id":16,"Desired":[{"Item1":86400,"Item2":102600}],"Unavailable":[{"Item1":-2147483648,"Item2":-1},{"Item1":18001,"Item2":86399},{"Item1":104401,"Item2":2147483647}],"Duration":1800,"WayCostFromHome":1255,"WayCostToHome":1255,"SantaId":0,"IsBreak":false},{"Id":17,"Desired":[{"Item1":0,"Item2":3600}],"Unavailable":[{"Item1":86400,"Item2":10800},{"Item1":-2147483648,"Item2":-1},{"Item1":18001,"Item2":86399},{"Item1":104401,"Item2":2147483647}],"Duration":1500,"WayCostFromHome":1290,"WayCostToHome":1290,"SantaId":0,"IsBreak":false},{"Id":18,"Desired":[{"Item1":3600,"Item2":16200}],"Unavailable":[{"Item1":86400,"Item2":97200},{"Item1":-2147483648,"Item2":-1},{"Item1":18001,"Item2":86399},{"Item1":104401,"Item2":2147483647}],"Duration":1800,"WayCostFromHome":52,"WayCostToHome":52,"SantaId":0,"IsBreak":false},{"Id":19,"Desired":[{"Item1":3600,"Item2":16200}],"Unavailable":[{"Item1":86400,"Item2":97200},{"Item1":-2147483648,"Item2":-1},{"Item1":18001,"Item2":86399},{"Item1":104401,"Item2":2147483647}],"Duration":1500,"WayCostFromHome":170,"WayCostToHome":170,"SantaId":0,"IsBreak":false},{"Id":20,"Desired":[{"Item1":3600,"Item2":16200}],"Unavailable":[{"Item1":86400,"Item2":90000},{"Item1":-2147483648,"Item2":-1},{"Item1":18001,"Item2":86399},{"Item1":104401,"Item2":2147483647}],"Duration":1800,"WayCostFromHome":266,"WayCostToHome":266,"SantaId":0,"IsBreak":false},{"Id":21,"Desired":[{"Item1":3600,"Item2":16200}],"Unavailable":[{"Item1":-2147483648,"Item2":-1},{"Item1":18001,"Item2":86399},{"Item1":104401,"Item2":2147483647}],"Duration":1500,"WayCostFromHome":417,"WayCostToHome":417,"SantaId":0,"IsBreak":false},{"Id":22,"Desired":[{"Item1":3600,"Item2":16200}],"Unavailable":[{"Item1":-2147483648,"Item2":-1},{"Item1":18001,"Item2":86399},{"Item1":104401,"Item2":2147483647}],"Duration":1500,"WayCostFromHome":1294,"WayCostToHome":1294,"SantaId":0,"IsBreak":false},{"Id":23,"Desired":[{"Item1":7200,"Item2":10800}],"Unavailable":[{"Item1":86400,"Item2":97200},{"Item1":-2147483648,"Item2":-1},{"Item1":18001,"Item2":86399},{"Item1":104401,"Item2":2147483647}],"Duration":1800,"WayCostFromHome":1125,"WayCostToHome":1125,"SantaId":0,"IsBreak":false},{"Id":24,"Desired":[{"Item1":5400,"Item2":16200}],"Unavailable":[{"Item1":86400,"Item2":97200},{"Item1":-2147483648,"Item2":-1},{"Item1":18001,"Item2":86399},{"Item1":104401,"Item2":2147483647}],"Duration":1500,"WayCostFromHome":2202,"WayCostToHome":2202,"SantaId":0,"IsBreak":false},{"Id":25,"Desired":[{"Item1":3600,"Item2":16200}],"Unavailable":[{"Item1":86400,"Item2":93600},{"Item1":-2147483648,"Item2":-1},{"Item1":18001,"Item2":86399},{"Item1":104401,"Item2":2147483647}],"Duration":1200,"WayCostFromHome":604,"WayCostToHome":604,"SantaId":0,"IsBreak":false},{"Id":26,"Desired":[{"Item1":3600,"Item2":16200}],"Unavailable":[{"Item1":-2147483648,"Item2":-1},{"Item1":18001,"Item2":86399},{"Item1":104401,"Item2":2147483647}],"Duration":1500,"WayCostFromHome":605,"WayCostToHome":605,"SantaId":0,"IsBreak":false},{"Id":27,"Desired":[{"Item1":3600,"Item2":16200}],"Unavailable":[{"Item1":86400,"Item2":97200},{"Item1":-2147483648,"Item2":-1},{"Item1":18001,"Item2":86399},{"Item1":104401,"Item2":2147483647}],"Duration":2100,"WayCostFromHome":524,"WayCostToHome":524,"SantaId":0,"IsBreak":false},{"Id":28,"Desired":[{"Item1":5400,"Item2":16200}],"Unavailable":[{"Item1":86400,"Item2":97200},{"Item1":-2147483648,"Item2":-1},{"Item1":18001,"Item2":86399},{"Item1":104401,"Item2":2147483647}],"Duration":1800,"WayCostFromHome":613,"WayCostToHome":613,"SantaId":0,"IsBreak":false},{"Id":29,"Desired":[{"Item1":3600,"Item2":16200}],"Unavailable":[{"Item1":86400,"Item2":97200},{"Item1":-2147483648,"Item2":-1},{"Item1":18001,"Item2":86399},{"Item1":104401,"Item2":2147483647}],"Duration":1500,"WayCostFromHome":260,"WayCostToHome":260,"SantaId":0,"IsBreak":false},{"Id":30,"Desired":[{"Item1":3600,"Item2":16200}],"Unavailable":[{"Item1":86400,"Item2":97200},{"Item1":-2147483648,"Item2":-1},{"Item1":18001,"Item2":86399},{"Item1":104401,"Item2":2147483647}],"Duration":2100,"WayCostFromHome":555,"WayCostToHome":555,"SantaId":0,"IsBreak":false},{"Id":31,"Desired":[],"Unavailable":[{"Item1":-2147483648,"Item2":-1},{"Item1":18001,"Item2":86399},{"Item1":104401,"Item2":2147483647}],"Duration":1500,"WayCostFromHome":215,"WayCostToHome":215,"SantaId":0,"IsBreak":false},{"Id":32,"Desired":[{"Item1":90000,"Item2":100800}],"Unavailable":[{"Item1":-2147483648,"Item2":-1},{"Item1":18001,"Item2":86399},{"Item1":104401,"Item2":2147483647}],"Duration":1800,"WayCostFromHome":365,"WayCostToHome":365,"SantaId":0,"IsBreak":true}],"Santas":[{"Id":0},{"Id":1},{"Id":2}],"Days":[{"Item1":0,"Item2":18000},{"Item1":86400,"Item2":104400}],"RouteCosts":[[0,180,545,927,971,975,753,687,733,718,568,435,1692,1829,2100,1692,1801,1836,649,845,841,883,1857,1671,2748,420,435,545,516,578,1101,511,140,1671],[180,0,438,820,864,868,646,581,634,619,469,336,1585,1722,1993,1585,1694,1729,542,738,734,776,1751,1564,2641,321,336,438,417,471,995,434,63,1564],[545,438,0,512,556,560,338,594,721,740,592,533,1277,1414,1685,1277,1386,1421,235,430,426,566,1443,1257,2333,532,533,452,540,290,687,212,253,1257],[927,820,512,0,47,164,568,800,912,1122,974,915,1110,1247,1518,1110,1219,1254,470,618,657,796,1276,1090,2166,914,915,834,923,520,520,157,528,1090],[971,864,556,47,0,208,612,843,955,1166,1018,959,1156,1293,1565,1156,1266,1301,516,664,700,840,1322,1136,2213,958,959,878,966,564,566,189,559,1136],[975,868,560,164,208,0,616,847,959,1170,1022,963,1272,1409,1448,1272,1381,1416,513,709,705,844,1438,1252,1819,962,963,882,970,568,682,192,562,1252],[753,646,338,568,612,616,0,368,480,713,703,658,1334,1471,1742,1334,1443,1478,240,120,116,228,1482,1313,2390,636,658,448,549,222,743,252,402,1313],[687,581,594,800,843,847,368,0,113,346,336,291,1564,1701,1972,1564,1674,1708,488,487,483,413,1730,1544,2621,435,291,234,182,281,974,419,355,1544],[733,634,721,912,955,959,480,113,0,382,372,327,1676,1813,2084,1676,1786,1820,600,599,595,525,1842,1656,2733,471,327,270,218,393,1086,499,446,1656],[718,619,740,1122,1166,1170,713,346,382,0,157,312,1886,2023,2295,1886,1996,2031,761,833,829,759,2052,1866,2943,435,312,289,202,627,1296,651,460,1866],[568,469,592,974,1018,1022,703,336,372,157,0,162,1739,1876,2147,1739,1848,1883,613,823,819,749,1904,1718,2795,306,162,278,156,543,1149,545,354,1718],[435,336,533,915,959,963,658,291,327,312,162,0,1679,1816,2087,1679,1789,1824,554,729,725,703,1845,1659,2736,146,0,233,110,483,1089,502,268,1659],[1692,1585,1277,1110,1156,1272,1334,1564,1676,1886,1739,1679,0,225,409,0,110,145,1166,1295,1411,1561,186,21,1057,1679,1679,1598,1687,1285,597,738,1078,21],[1829,1722,1414,1247,1293,1409,1471,1701,1813,2023,1876,1816,225,0,300,225,334,369,1303,1432,1548,1698,371,204,989,1816,1816,1735,1824,1422,734,836,1177,204],[2100,1993,1685,1518,1565,1448,1742,1972,2084,2295,2147,2087,409,300,0,409,518,553,1575,1703,1819,1970,420,429,785,2087,2087,2006,2095,1693,1005,1031,1372,429],[1692,1585,1277,1110,1156,1272,1334,1564,1676,1886,1739,1679,0,225,409,0,110,145,1166,1295,1411,1561,186,21,1057,1679,1679,1598,1687,1285,597,738,1078,21],[1801,1694,1386,1219,1266,1381,1443,1674,1786,1996,1848,1789,110,334,518,110,0,35,1276,1364,1520,1671,247,130,1167,1788,1789,1708,1797,1394,706,816,1157,130],[1836,1729,1421,1254,1301,1416,1478,1708,1820,2031,1883,1824,145,369,553,145,35,0,1311,1398,1555,1706,282,165,1201,1823,1824,1743,1831,1429,741,841,1182,165],[649,542,235,470,516,513,240,488,600,761,613,554,1166,1303,1575,1166,1276,1311,0,221,317,468,1315,1146,2223,553,554,473,561,209,576,178,328,1146],[845,738,430,618,664,709,120,487,599,833,823,729,1295,1432,1703,1295,1364,1398,221,0,197,348,1379,1275,2352,728,729,567,668,341,705,319,469,1275],[841,734,426,657,700,705,116,483,595,829,819,725,1411,1548,1819,1411,1520,1555,317,197,0,344,1559,1391,2467,724,725,564,664,337,821,316,466,1391],[883,776,566,796,840,844,228,413,525,759,749,703,1561,1698,1970,1561,1671,1706,468,348,344,0,1710,1541,2618,788,703,494,594,267,971,416,496,1541],[1857,1751,1443,1276,1322,1438,1482,1730,1842,2052,1904,1845,186,371,420,186,247,282,1315,1379,1559,1710,0,207,1034,1845,1845,1764,1853,1451,782,857,1198,207],[1671,1564,1257,1090,1136,1252,1313,1544,1656,1866,1718,1659,21,204,429,21,130,165,1146,1275,1391,1541,207,0,1077,1659,1659,1578,1667,1265,576,723,1064,0],[2748,2641,2333,2166,2213,1819,2390,2621,2733,2943,2795,2736,1057,989,785,1057,1167,1201,2223,2352,2467,2618,1034,1077,0,2735,2736,2655,2744,2341,1653,1498,1839,1077],[420,321,532,914,958,962,636,435,471,435,306,146,1679,1816,2087,1679,1788,1823,553,728,724,788,1845,1659,2735,0,146,377,254,483,1089,502,258,1659],[435,336,533,915,959,963,658,291,327,312,162,0,1679,1816,2087,1679,1789,1824,554,729,725,703,1845,1659,2736,146,0,233,110,483,1089,502,268,1659],[545,438,452,834,878,882,448,234,270,289,278,233,1598,1735,2006,1598,1708,1743,473,567,564,494,1764,1578,2655,377,233,0,124,361,1008,444,252,1578],[516,417,540,923,966,970,549,182,218,202,156,110,1687,1824,2095,1687,1797,1831,561,668,664,594,1853,1667,2744,254,110,124,0,462,1097,507,316,1667],[578,471,290,520,564,568,222,281,393,627,543,483,1285,1422,1693,1285,1394,1429,209,341,337,267,1451,1265,2341,483,483,361,462,0,695,218,276,1265],[1101,995,687,520,566,682,743,974,1086,1296,1149,1089,597,734,1005,597,706,741,576,705,821,971,782,576,1653,1089,1089,1008,1097,695,0,313,653,576],[511,434,212,157,189,192,252,419,499,651,545,502,738,836,1031,738,816,841,178,319,316,416,857,723,1498,502,502,444,507,218,313,0,371,723],[140,63,253,528,559,562,402,355,446,460,354,268,1078,1177,1372,1078,1157,1182,328,469,466,496,1198,1064,1839,258,268,252,316,276,653,371,0,1064],[1671,1564,1257,1090,1136,1252,1313,1544,1656,1866,1718,1659,21,204,429,21,130,165,1146,1275,1391,1541,207,0,1077,1659,1659,1578,1667,1265,576,723,1064,0]]},"TimeElapsed":7928}