{"ResultState":0,"Routes":[],"NonEmptyRoutes":[],"OptimizationInput":{"Visits":[{"Id":0,"Desired":[{"Item1":389,"Item2":28426}],"Unavailable":[{"Item1":88543,"Item2":95567},{"Item1":-2147483648,"Item2":-1},{"Item1":32401,"Item2":86399},{"Item1":118801,"Item2":2147483647}],"Duration":2124,"WayCostFromHome":786,"WayCostToHome":786,"SantaId":0,"IsBreak":false},{"Id":1,"Desired":[{"Item1":5414,"Item2":15786}],"Unavailable":[{"Item1":97047,"Item2":106468},{"Item1":-2147483648,"Item2":-1},{"Item1":32401,"Item2":86399},{"Item1":118801,"Item2":2147483647}],"Duration":1920,"WayCostFromHome":227,"WayCostToHome":227,"SantaId":0,"IsBreak":false},{"Id":2,"Desired":[{"Item1":6538,"Item2":29366}],"Unavailable":[{"Item1":86817,"Item2":111592},{"Item1":-2147483648,"Item2":-1},{"Item1":32401,"Item2":86399},{"Item1":118801,"Item2":2147483647}],"Duration":2368,"WayCostFromHome":1872,"WayCostToHome":1872,"SantaId":0,"IsBreak":false},{"Id":3,"Desired":[{"Item1":263,"Item2":29968}],"Unavailable":[{"Item1":89991,"Item2":103555},{"Item1":-2147483648,"Item2":-1},{"Item1":32401,"Item2":86399},{"Item1":118801,"Item2":2147483647}],"Duration":2579,"WayCostFromHome":1835,"WayCostToHome":1835,"SantaId":0,"IsBreak":false},{"Id":4,"Desired":[{"Item1":3153,"Item2":30769}],"Unavailable":[{"Item1":92214,"Item2":96022},{"Item1":-2147483648,"Item2":-1},{"Item1":32401,"Item2":86399},{"Item1":118801,"Item2":2147483647}],"Duration":1968,"WayCostFromHome":1272,"WayCostToHome":1272,"SantaId":0,"IsBreak":false},{"Id":5,"Desired":[{"Item1":7290,"Item2":20367}],"Unavailable":[{"Item1":94813,"Item2":115042},{"Item1":-2147483648,"Item2":-1},{"Item1":32401,"Item2":86399},{"Item1":118801,"Item2":2147483647}],"Duration":1642,"WayCostFromHome":2202,"WayCostToHome":2202,"SantaId":0,"IsBreak":false},{"Id":6,"Desired":[{"Item1":12425,"Item2":28482}],"Unavailable":[{"Item1":99816,"Item2":115315},{"Item1":-2147483648,"Item2":-1},{"Item1":32401,"Item2":86399},{"Item1":118801,"Item2":2147483647}],"Duration":1584,"WayCostFromHome":1028,"WayCostToHome":1028,"SantaId":0,"IsBreak":false},{"Id":7,"Desired":[{"Item1":3928,"Item2":28116}],"Unavailable":[{"Item1":104997,"Item2":111868},{"Item1":-2147483648,"Item2":-1},{"Item1":32401,"Item2":86399},{"Item1":118801,"Item2":2147483647}],"Duration":1364,"WayCostFromHome":1697,"WayCostToHome":1697,"SantaId":0,"IsBreak":false},{"Id":8,"Desired":[{"Item1":348,"Item2":28175}],"Unavailable":[{"Item1":87002,"Item2":117969},{"Item1":-2147483648,"Item2":-1},{"Item1":32401,"Item2":86399},{"Item1":118801,"Item2":2147483647}],"Duration":1404,"WayCostFromHome":1977,"WayCostToHome":1977,"SantaId":0,"IsBreak":false},{"Id":9,"Desired":[{"Item1":17367,"Item2":27285}],"Unavailable":[{"Item1":87934,"Item2":107444},{"Item1":-2147483648,"Item2":-1},{"Item1":32401,"Item2":86399},{"Item1":118801,"Item2":2147483647}],"Duration":1919,"WayCostFromHome":1839,"WayCostToHome":1839,"SantaId":0,"IsBreak":false},{"Id":10,"Desired":[{"Item1":22023,"Item2":31968}],"Unavailable":[{"Item1":90508,"Item2":116530},{"Item1":-2147483648,"Item2":-1},{"Item1":32401,"Item2":86399},{"Item1":118801,"Item2":2147483647}],"Duration":3218,"WayCostFromHome":499,"WayCostToHome":499,"SantaId":0,"IsBreak":false},{"Id":11,"Desired":[{"Item1":2786,"Item2":19371}],"Unavailable":[{"Item1":-2147483648,"Item2":-1},{"Item1":32401,"Item2":86399},{"Item1":118801,"Item2":2147483647}],"Duration":2133,"WayCostFromHome":88,"WayCostToHome":88,"SantaId":0,"IsBreak":false},{"Id":12,"Desired":[{"Item1":934,"Item2":18341}],"Unavailable":[{"Item1":-2147483648,"Item2":-1},{"Item1":32401,"Item2":86399},{"Item1":118801,"Item2":2147483647}],"Duration":3057,"WayCostFromHome":368,"WayCostToHome":368,"SantaId":0,"IsBreak":false},{"Id":13,"Desired":[{"Item1":9978,"Item2":14769}],"Unavailable":[{"Item1":-2147483648,"Item2":-1},{"Item1":32401,"Item2":86399},{"Item1":118801,"Item2":2147483647}],"Duration":2910,"WayCostFromHome":1294,"WayCostToHome":1294,"SantaId":0,"IsBreak":false},{"Id":14,"Desired":[{"Item1":5649,"Item2":27974}],"Unavailable":[{"Item1":-2147483648,"Item2":-1},{"Item1":32401,"Item2":86399},{"Item1":118801,"Item2":2147483647}],"Duration":1204,"WayCostFromHome":1674,"WayCostToHome":1674,"SantaId":0,"IsBreak":false},{"Id":15,"Desired":[{"Item1":104771,"Item2":116140}],"Unavailable":[{"Item1":1031,"Item2":31277},{"Item1":-2147483648,"Item2":-1},{"Item1":32401,"Item2":86399},{"Item1":118801,"Item2":2147483647}],"Duration":2647,"WayCostFromHome":1181,"WayCostToHome":1181,"SantaId":0,"IsBreak":false},{"Id":16,"Desired":[{"Item1":93430,"Item2":110893}],"Unavailable":[{"Item1":5776,"Item2":27006},{"Item1":-2147483648,"Item2":-1},{"Item1":32401,"Item2":86399},{"Item1":118801,"Item2":2147483647}],"Duration":3403,"WayCostFromHome":896,"WayCostToHome":896,"SantaId":0,"IsBreak":false},{"Id":17,"Desired":[{"Item1":89288,"Item2":115303}],"Unavailable":[{"Item1":1715,"Item2":25672},{"Item1":-2147483648,"Item2":-1},{"Item1":32401,"Item2":86399},{"Item1":118801,"Item2":2147483647}],"Duration":1369,"WayCostFromHome":349,"WayCostToHome":349,"SantaId":0,"IsBreak":false},{"Id":18,"Desired":[{"Item1":86660,"Item2":104376}],"Unavailable":[{"Item1":19756,"Item2":28460},{"Item1":-2147483648,"Item2":-1},{"Item1":32401,"Item2":86399},{"Item1":118801,"Item2":2147483647}],"Duration":2699,"WayCostFromHome":797,"WayCostToHome":797,"SantaId":0,"IsBreak":false},{"Id":19,"Desired":[{"Item1":111381,"Item2":117454}],"Unavailable":[{"Item1":156,"Item2":30349},{"Item1":-2147483648,"Item2":-1},{"Item1":32401,"Item2":86399},{"Item1":118801,"Item2":2147483647}],"Duration":1656,"WayCostFromHome":802,"WayCostToHome":802,"SantaId":0,"IsBreak":false},{"Id":20,"Desired":[{"Item1":112351,"Item2":117187}],"Unavailable":[{"Item1":320,"Item2":31904},{"Item1":-2147483648,"Item2":-1},{"Item1":32401,"Item2":86399},{"Item1":118801,"Item2":2147483647}],"Duration":2379,"WayCostFromHome":1643,"WayCostToHome":1643,"SantaId":0,"IsBreak":false},{"Id":21,"Desired":[{"Item1":97973,"Item2":118321}],"Unavailable":[{"Item1":6883,"Item2":15838},{"Item1":-2147483648,"Item2":-1},{"Item1":32401,"Item2":86399},{"Item1":118801,"Item2":2147483647}],"Duration":2581,"WayCostFromHome":259,"WayCostToHome":259,"SantaId":0,"IsBreak":false},{"Id":22,"Desired":[{"Item1":95154,"Item2":105067}],"Unavailable":[{"Item1":3117,"Item2":27186},{"Item1":-2147483648,"Item2":-1},{"Item1":32401,"Item2":86399},{"Item1":118801,"Item2":2147483647}],"Duration":1543,"WayCostFromHome":374,"WayCostToHome":374,"SantaId":0,"IsBreak":false},{"Id":23,"Desired":[{"Item1":90183,"Item2":116450}],"Unavailable":[{"Item1":17055,"Item2":32034},{"Item1":-2147483648,"Item2":-1},{"Item1":32401,"Item2":86399},{"Item1":118801,"Item2":2147483647}],"Duration":1549,"WayCostFromHome":1453,"WayCostToHome":1453,"SantaId":0,"IsBreak":false},{"Id":24,"Desired":[{"Item1":98409,"Item2":105534}],"Unavailable":[{"Item1":1536,"Item2":31997},{"Item1":-2147483648,"Item2":-1},{"Item1":32401,"Item2":86399},{"Item1":118801,"Item2":2147483647}],"Duration":2724,"WayCostFromHome":808,"WayCostToHome":808,"SantaId":0,"IsBreak":false},{"Id":25,"Desired":[{"Item1":87915,"Item2":95094}],"Unavailable":[{"Item1":15734,"Item2":27916},{"Item1":-2147483648,"Item2":-1},{"Item1":32401,"Item2":86399},{"Item1":118801,"Item2":2147483647}],"Duration":2456,"WayCostFromHome":593,"WayCostToHome":593,"SantaId":0,"IsBreak":false},{"Id":26,"Desired":[{"Item1":99307,"Item2":109393}],"Unavailable":[{"Item1":-2147483648,"Item2":-1},{"Item1":32401,"Item2":86399},{"Item1":118801,"Item2":2147483647}],"Duration":2534,"WayCostFromHome":584,"WayCostToHome":584,"SantaId":0,"IsBreak":false},{"Id":27,"Desired":[{"Item1":98249,"Item2":104880}],"Unavailable":[{"Item1":-2147483648,"Item2":-1},{"Item1":32401,"Item2":86399},{"Item1":118801,"Item2":2147483647}],"Duration":2489,"WayCostFromHome":1579,"WayCostToHome":1579,"SantaId":0,"IsBreak":false},{"Id":28,"Desired":[{"Item1":86905,"Item2":118535}],"Unavailable":[{"Item1":-2147483648,"Item2":-1},{"Item1":32401,"Item2":86399},{"Item1":118801,"Item2":2147483647}],"Duration":2815,"WayCostFromHome":891,"WayCostToHome":891,"SantaId":0,"IsBreak":false},{"Id":29,"Desired":[{"Item1":86675,"Item2":116688}],"Unavailable":[{"Item1":-2147483648,"Item2":-1},{"Item1":32401,"Item2":86399},{"Item1":118801,"Item2":2147483647}],"Duration":3063,"WayCostFromHome":387,"WayCostToHome":387,"SantaId":0,"IsBreak":false},{"Id":30,"Desired":[],"Unavailable":[{"Item1":-2147483648,"Item2":-1},{"Item1":32401,"Item2":86399},{"Item1":118801,"Item2":2147483647}],"Duration":3046,"WayCostFromHome":1439,"WayCostToHome":1439,"SantaId":0,"IsBreak":false},{"Id":31,"Desired":[],"Unavailable":[{"Item1":-2147483648,"Item2":-1},{"Item1":32401,"Item2":86399},{"Item1":118801,"Item2":2147483647}],"Duration":2643,"WayCostFromHome":1674,"WayCostToHome":1674,"SantaId":0,"IsBreak":false},{"Id":32,"Desired":[],"Unavailable":[{"Item1":-2147483648,"Item2":-1},{"Item1":32401,"Item2":86399},{"Item1":118801,"Item2":2147483647}],"Duration":3216,"WayCostFromHome":1890,"WayCostToHome":1890,"SantaId":0,"IsBreak":false},{"Id":33,"Desired":[],"Unavailable":[{"Item1":-2147483648,"Item2":-1},{"Item1":32401,"Item2":86399},{"Item1":118801,"Item2":2147483647}],"Duration":2562,"WayCostFromHome":670,"WayCostToHome":670,"SantaId":0,"IsBreak":false},{"Id":34,"Desired":[],"Unavailable":[{"Item1":-2147483648,"Item2":-1},{"Item1":32401,"Item2":86399},{"Item1":118801,"Item2":2147483647}],"Duration":2275,"WayCostFromHome":1165,"WayCostToHome":1165,"SantaId":0,"IsBreak":false},{"Id":35,"Desired":[],"Unavailable":[{"Item1":-2147483648,"Item2":-1},{"Item1":32401,"Item2":86399},{"Item1":118801,"Item2":2147483647}],"Duration":2352,"WayCostFromHome":2234,"WayCostToHome":2234,"SantaId":0,"IsBreak":false},{"Id":36,"Desired":[],"Unavailable":[{"Item1":-2147483648,"Item2":-1},{"Item1":32401,"Item2":86399},{"Item1":118801,"Item2":2147483647}],"Duration":3073,"WayCostFromHome":329,"WayCostToHome":329,"SantaId":0,"IsBreak":false},{"Id":37,"Desired":[],"Unavailable":[{"Item1":-2147483648,"Item2":-1},{"Item1":32401,"Item2":86399},{"Item1":118801,"Item2":2147483647}],"Duration":2751,"WayCostFromHome":1905,"WayCostToHome":1905,"SantaId":0,"IsBreak":false},{"Id":38,"Desired":[],"Unavailable":[{"Item1":-2147483648,"Item2":-1},{"Item1":32401,"Item2":86399},{"Item1":118801,"Item2":2147483647}],"Duration":3415,"WayCostFromHome":986,"WayCostToHome":986,"SantaId":0,"IsBreak":false},{"Id":39,"Desired":[],"Unavailable":[{"Item1":-2147483648,"Item2":-1},{"Item1":32401,"Item2":86399},{"Item1":118801,"Item2":2147483647}],"Duration":2881,"WayCostFromHome":2213,"WayCostToHome":2213,"SantaId":0,"IsBreak":false},{"Id":40,"Desired":[{"Item1":10524,"Item2":25580},{"Item1":96924,"Item2":111980}],"Unavailable":[{"Item1":-2147483648,"Item2":-1},{"Item1":32401,"Item2":86399},{"Item1":118801,"Item2":2147483647}],"Duration":1800,"WayCostFromHome":2018,"WayCostToHome":2018,"SantaId":0,"IsBreak":true},{"Id":41,"Desired":[{"Item1":5609,"Item2":22061},{"Item1":92009,"Item2":108461}],"Unavailable":[{"Item1":-2147483648,"Item2":-1},{"Item1":32401,"Item2":86399},{"Item1":118801,"Item2":2147483647}],"Duration":1800,"WayCostFromHome":2979,"WayCostToHome":2979,"SantaId":1,"IsBreak":true},{"Id":42,"Desired":[{"Item1":1631,"Item2":30993},{"Item1":88031,"Item2":117393}],"Unavailable":[{"Item1":-2147483648,"Item2":-1},{"Item1":32401,"Item2":86399},{"Item1":118801,"Item2":2147483647}],"Duration":1800,"WayCostFromHome":464,"WayCostToHome":464,"SantaId":2,"IsBreak":true},{"Id":43,"Desired":[{"Item1":1881,"Item2":30696},{"Item1":88281,"Item2":117096}],"Unavailable":[{"Item1":-2147483648,"Item2":-1},{"Item1":32401,"Item2":86399},{"Item1":118801,"Item2":2147483647}],"Duration":1800,"WayCostFromHome":1490,"WayCostToHome":1490,"SantaId":3,"IsBreak":true},{"Id":44,"Desired":[{"Item1":7305,"Item2":16966},{"Item1":93705,"Item2":103366}],"Unavailable":[{"Item1":-2147483648,"Item2":-1},{"Item1":32401,"Item2":86399},{"Item1":118801,"Item2":2147483647}],"Duration":1800,"WayCostFromHome":1374,"WayCostToHome":1374,"SantaId":4,"IsBreak":true}],"Santas":[{"Id":0},{"Id":1},{"Id":2},{"Id":3},{"Id":4}],"Days":[{"Item1":0,"Item2":32400},{"Item1":86400,"Item2":118800}],"RouteCosts":[[0,821,2656,2622,2051,2777,1810,2477,2763,2617,1152,727,777,508,2459,1954,256,564,1139,1188,2363,963,637,2238,584,316,656,1935,165,399,2220,2460,2615,1104,1951,2477,481,2690,343,3000,2785,3757,365,2258,2160],[821,0,1905,1847,1329,2379,1082,1674,1997,1811,339,297,160,1315,1670,1146,985,270,569,576,1763,462,574,1449,675,556,420,1359,955,448,1422,1678,1796,446,1184,2009,453,1935,942,2224,2088,2947,458,1443,1375],[2656,1905,0,182,611,1558,845,482,152,506,1677,1929,2030,3163,367,855,2726,2170,2078,2022,741,1709,2090,519,2561,2449,2296,2248,2745,2258,585,315,1060,1959,722,2837,2180,44,2842,389,360,1274,2329,723,563],[2622,1847,182,0,623,1726,829,308,160,323,1595,1898,1963,3130,211,746,2709,2115,1974,1915,883,1694,2080,409,2488,2398,2223,2095,2720,2222,460,177,877,1862,670,2671,2152,167,2789,378,543,1212,2284,567,473],[2051,1329,611,623,0,1464,246,645,737,780,1148,1324,1467,2557,547,520,2115,1585,1593,1544,598,1098,1478,404,2000,1858,1737,1946,2136,1655,462,511,1168,1458,244,2600,1573,650,2253,983,760,1835,1734,651,339],[2777,2379,1558,1726,1464,0,1584,1957,1690,2036,2372,2197,2540,3201,1825,1984,2701,2548,2842,2811,886,1944,2150,1808,3007,2738,2785,3365,2776,2475,1884,1764,2554,2694,1702,4037,2353,1593,3087,1842,1258,2655,2603,2079,1773],[1810,1082,845,829,246,1584,0,775,959,921,912,1083,1221,2318,708,451,1883,1339,1367,1321,770,866,1251,511,1754,1612,1491,1783,1899,1413,538,689,1208,1228,210,2453,1334,881,2007,1202,1005,2026,1489,689,427],[2477,1674,482,308,645,1957,775,0,455,146,1391,1769,1774,2982,132,530,2589,1945,1731,1670,1081,1594,1982,264,2285,2230,2024,1794,2589,2079,258,194,599,1631,573,2363,2024,475,2613,603,840,1282,2126,277,348],[2763,1997,152,160,737,1690,959,455,0,433,1751,2037,2115,3271,371,905,2843,2264,2134,2075,890,1826,2210,567,2642,2546,2378,2249,2857,2364,620,337,987,2021,814,2816,2290,108,2938,247,453,1125,2430,723,628],[2617,1811,506,323,780,2036,921,146,433,0,1521,1912,1906,3122,237,665,2733,2082,1844,1782,1173,1740,2128,410,2413,2367,2153,1854,2731,2221,403,288,556,1749,720,2396,2167,485,2748,522,864,1140,2265,384,495],[1152,339,1677,1595,1148,2372,912,1391,1751,1521,0,586,390,1635,1404,862,1324,589,471,439,1658,629,873,1188,895,867,632,1127,1292,787,1149,1420,1463,325,960,1804,787,1702,1232,1966,1902,2646,786,1143,1123],[727,297,1929,1898,1324,2197,1083,1769,2037,1912,586,0,419,1234,1742,1258,821,353,863,873,1670,260,287,1522,810,563,605,1656,822,332,1510,1739,1974,743,1228,2306,255,1963,950,2276,2063,3052,429,1567,1442],[777,160,2030,1963,1467,2540,1221,1774,2115,1906,390,419,0,1249,1778,1243,974,217,458,480,1917,616,667,1559,533,480,270,1272,927,455,1526,1790,1848,362,1308,1902,502,2059,842,2337,2227,3035,416,1531,1489],[508,1315,3163,3130,2557,3201,2318,2982,3271,3122,1635,1234,1249,0,2966,2457,499,1048,1541,1597,2849,1464,1113,2745,889,769,1067,2278,436,907,2726,2968,3097,1537,2459,2739,984,3198,468,3508,3286,4260,858,2758,2667],[2459,1670,367,211,547,1825,708,132,371,237,1404,1742,1778,2966,0,545,2559,1940,1770,1710,950,1553,1941,221,2299,2224,2035,1886,2565,2060,256,61,732,1661,520,2470,1997,367,2612,562,719,1321,2115,358,300],[1954,1146,855,746,520,1984,451,530,905,665,862,1258,1243,2457,545,0,2078,1416,1228,1170,1117,1109,1490,338,1757,1702,1495,1447,2071,1559,288,568,787,1117,282,2087,1511,872,2083,1107,1145,1803,1599,310,295],[256,985,2726,2709,2115,2701,1883,2589,2843,2733,1324,821,974,499,2559,2078,0,756,1370,1414,2367,1017,640,2340,840,552,893,2176,110,537,2331,2554,2775,1320,2042,2730,567,2763,558,3085,2824,3872,561,2387,2259],[564,270,2170,2115,1585,2548,1339,1945,2264,2082,589,353,217,1048,1940,1416,756,0,645,678,1988,604,525,1718,459,285,262,1465,710,248,1692,1947,2052,571,1450,2074,323,2200,673,2493,2341,3217,200,1713,1645],[1139,569,2078,1974,1593,2842,1367,1731,2134,1844,471,863,458,1541,1770,1228,1370,645,0,65,2125,1012,1124,1567,666,824,485,820,1302,893,1515,1797,1654,148,1385,1445,957,2099,1081,2329,2333,2922,817,1460,1515],[1188,576,2022,1915,1544,2811,1321,1670,2075,1782,439,873,480,1597,1710,1170,1414,678,65,0,2082,1007,1142,1509,727,872,536,792,1349,926,1455,1738,1589,133,1332,1432,983,2041,1140,2268,2281,2857,857,1398,1458],[2363,1763,741,883,598,886,770,1081,890,1173,1658,1670,1917,2849,950,1117,2367,1988,2125,2082,0,1412,1736,922,2435,2233,2183,2541,2413,1994,998,891,1672,1982,842,3198,1888,783,2619,1097,569,1980,2099,1193,888],[963,462,1709,1694,1098,1944,866,1594,1826,1740,629,260,616,1464,1553,1109,1017,604,1012,1007,1412,0,388,1337,1063,823,843,1753,1038,581,1336,1543,1866,874,1033,2424,482,1746,1207,2069,1822,2872,688,1419,1254],[637,574,2090,2080,1478,2150,1251,1982,2210,2128,873,287,667,1113,1941,1490,640,525,1124,1142,1736,388,0,1726,926,609,785,1931,677,346,1724,1932,2232,1015,1421,2570,222,2128,937,2454,2183,3261,483,1801,1643],[2238,1449,519,409,404,1808,511,264,567,410,1188,1522,1559,2745,221,338,2340,1718,1567,1509,922,1337,1726,0,2081,2003,1817,1744,2344,1839,79,233,769,1453,309,2357,1777,534,2391,778,830,1535,1893,271,84],[584,675,2561,2488,2000,3007,1754,2285,2642,2413,895,810,533,889,2299,1757,840,459,666,727,2435,1063,926,2081,0,339,265,1392,745,582,2044,2314,2294,695,1839,1899,703,2588,422,2860,2759,3527,445,2031,2015],[316,556,2449,2398,1858,2738,1612,2230,2546,2367,867,563,480,769,2224,1702,552,285,824,872,2233,823,609,2003,339,0,341,1624,478,266,1978,2231,2328,790,1731,2184,391,2480,394,2776,2609,3502,136,1998,1929],[656,420,2296,2223,1737,2785,1491,2024,2378,2153,632,605,270,1067,2035,1495,893,262,485,536,2183,843,785,1817,265,341,0,1283,820,474,1781,2050,2055,470,1574,1857,574,2323,623,2596,2497,3273,363,1773,1750],[1935,1359,2248,2095,1946,3365,1783,1794,2249,1854,1127,1656,1272,2278,1886,1447,2176,1465,820,792,2541,1753,1931,1744,1392,1624,1283,0,2100,1713,1670,1934,1442,915,1703,685,1775,2253,1810,2377,2575,2732,1633,1528,1730],[165,955,2745,2720,2136,2776,1899,2589,2857,2731,1292,822,927,436,2565,2071,110,710,1302,1349,2413,1038,677,2344,745,478,820,2100,0,514,2331,2562,2751,1262,2051,2641,567,2781,447,3097,2856,3871,510,2378,2264],[399,448,2258,2222,1655,2475,1413,2079,2364,2221,787,332,455,907,2060,1559,537,248,893,926,1994,581,346,1839,582,266,474,1713,514,0,1822,2060,2239,816,1552,2318,124,2292,627,2600,2395,3360,137,1864,1760],[2220,1422,585,460,462,1884,538,258,620,403,1149,1510,1526,2726,256,288,2331,1692,1515,1455,998,1336,1724,79,2044,1978,1781,1670,2331,1822,0,283,705,1405,328,2280,1765,597,2363,818,905,1541,1871,195,123],[2460,1678,315,177,511,1764,689,194,337,288,1420,1739,1790,2968,61,568,2554,1947,1797,1738,891,1543,1932,233,2314,2231,2050,1934,2562,2060,283,0,794,1685,511,2523,1994,319,2620,546,661,1337,2119,408,302],[2615,1796,1060,877,1168,2554,1208,599,987,556,1463,1974,1848,3097,732,787,2775,2052,1654,1589,1672,1866,2232,769,2294,2328,2055,1442,2751,2239,705,794,0,1599,1002,1904,2216,1042,2676,1023,1420,1304,2250,523,829],[1104,446,1959,1862,1458,2694,1228,1631,2021,1749,325,743,362,1537,1661,1117,1320,571,148,133,1982,874,1015,1453,695,790,470,915,1262,816,1405,1685,1599,0,1256,1563,864,1981,1091,2223,2204,2845,759,1365,1397],[1951,1184,722,670,244,1702,210,573,814,720,960,1228,1308,2459,520,282,2042,1450,1385,1332,842,1033,1421,309,1839,1731,1574,1703,2051,1552,328,511,1002,1256,0,2356,1483,751,2123,1048,948,1841,1615,480,225],[2477,2009,2837,2671,2600,4037,2453,2363,2816,2396,1804,2306,1902,2739,2470,2087,2730,2074,1445,1432,3198,2424,2570,2357,1899,2184,1857,685,2641,2318,2280,2523,1904,1563,2356,0,2395,2835,2286,2909,3180,3109,2220,2116,2355],[481,453,2180,2152,1573,2353,1334,2024,2290,2167,787,255,502,984,1997,1511,567,323,957,983,1888,482,222,1777,703,391,574,1775,567,124,1765,1994,2216,864,1483,2395,0,2215,742,2530,2304,3307,261,1820,1697],[2690,1935,44,167,650,1593,881,475,108,485,1702,1963,2059,3198,367,872,2763,2200,2099,2041,783,1746,2128,534,2588,2480,2323,2253,2781,2292,597,319,1042,1981,751,2835,2215,0,2873,345,379,1230,2362,725,584],[343,942,2842,2789,2253,3087,2007,2613,2938,2748,1232,950,842,468,2612,2083,558,673,1081,1140,2619,1207,937,2391,422,394,623,1810,447,627,2363,2620,2676,1091,2123,2286,742,2873,0,3166,3004,3878,522,2373,2318],[3000,2224,389,378,983,1842,1202,603,247,522,1966,2276,2337,3508,562,1107,3085,2493,2329,2268,1097,2069,2454,778,2860,2776,2596,2377,3097,2600,818,546,1023,2223,1048,2909,2530,345,3166,0,584,889,2662,881,848],[2785,2088,360,543,760,1258,1005,840,453,864,1902,2063,2227,3286,719,1145,2824,2341,2333,2281,569,1822,2183,830,2759,2609,2497,2575,2856,2395,905,661,1420,2204,948,3180,2304,379,3004,584,0,1434,2483,1065,851],[3757,2947,1274,1212,1835,2655,2026,1282,1125,1140,2646,3052,3035,4260,1321,1803,3872,3217,2922,2857,1980,2872,3261,1535,3527,3502,3273,2732,3871,3360,1541,1337,1304,2845,1841,3109,3307,1230,3878,889,1434,0,3402,1504,1618],[365,458,2329,2284,1734,2603,1489,2126,2430,2265,786,429,416,858,2115,1599,561,200,817,857,2099,688,483,1893,445,136,363,1633,510,137,1871,2119,2250,759,1615,2220,261,2362,522,2662,2483,3402,0,1900,1817],[2258,1443,723,567,651,2079,689,277,723,384,1143,1567,1531,2758,358,310,2387,1713,1460,1398,1193,1419,1801,271,2031,1998,1773,1528,2378,1864,195,408,523,1365,480,2116,1820,725,2373,881,1065,1504,1900,0,314],[2160,1375,563,473,339,1773,427,348,628,495,1123,1442,1489,2667,300,295,2259,1645,1515,1458,888,1254,1643,84,2015,1929,1750,1730,2264,1760,123,302,829,1397,225,2355,1697,584,2318,848,851,1618,1817,314,0]]},"TimeElapsed":3781}