using IRuettae.Core.Models;
namespace IRuettae.Evaluator
{
internal partial class DatasetFactory
{
/// <summary>
/// 200 Visits, 2 Days, 20 Santas
/// 40 Breaks, 180 unique visits
/// 75 Desired, 40 Unavailable on day 0
/// 75 Desired, 40 Unavailable on day 1
/// </summary>
public static (OptimizationInput input, (int x, int y)[] coordinates) DataSet11()
{
	// Coordinates of points
	var coordinates = new[]
	{
		(1291,888),
		(3321,2898),
		(617,1116),
		(2624,2127),
		(2099,2981),
		(945,1468),
		(1450,832),
		(2623,2296),
		(1258,1279),
		(1828,1903),
		(2811,2970),
		(1038,1115),
		(2065,1735),
		(3077,2345),
		(2288,2267),
		(2733,2440),
		(2010,3660),
		(2594,2573),
		(2981,2701),
		(1545,1096),
		(2943,3192),
		(2471,2221),
		(2929,1917),
		(1812,1892),
		(2010,1010),
		(2752,2167),
		(2724,2824),
		(1154,727),
		(1747,902),
		(2894,2377),
		(3042,2564),
		(1952,2546),
		(1316,1160),
		(1029,1554),
		(1128,1236),
		(776,2987),
		(2078,2199),
		(2651,2214),
		(2316,1773),
		(2414,2251),
		(3040,2761),
		(3053,2995),
		(1141,1987),
		(505,3703),
		(772,584),
		(2715,2253),
		(2418,3158),
		(1066,2266),
		(2998,2554),
		(1532,1423),
		(99,2994),
		(1322,163),
		(1790,2699),
		(1773,1475),
		(1236,1216),
		(3043,2428),
		(2603,2198),
		(2273,2158),
		(1203,996),
		(2660,2956),
		(2112,398),
		(2776,1869),
		(1357,494),
		(2916,2358),
		(2235,2426),
		(3485,2116),
		(499,3648),
		(892,1463),
		(2765,2499),
		(2823,3914),
		(3134,1659),
		(2446,2159),
		(3010,2530),
		(2977,2373),
		(1074,1234),
		(794,1123),
		(1955,3232),
		(2420,3017),
		(1594,1368),
		(1758,939),
		(2552,3219),
		(1999,2488),
		(1933,883),
		(2683,2417),
		(1442,856),
		(2950,2042),
		(890,2091),
		(1575,1917),
		(3092,2484),
		(581,934),
		(3227,3263),
		(2301,3049),
		(1689,1577),
		(881,2186),
		(3243,2586),
		(3114,3580),
		(2696,2965),
		(2573,2481),
		(1250,1543),
		(1896,3579),
		(2596,2414),
		(2640,1992),
		(921,1578),
		(2376,2675),
		(1768,1912),
		(1957,1409),
		(3160,2990),
		(1151,1608),
		(2827,2923),
		(2982,2534),
		(1466,994),
		(1880,280),
		(2712,2202),
		(2717,2982),
		(1236,940),
		(618,849),
		(1043,1115),
		(2762,2650),
		(2204,2060),
		(2775,2789),
		(2654,2345),
		(1120,1356),
		(1778,2071),
		(1005,860),
		(2133,1450),
		(1175,1139),
		(2441,2776),
		(1342,982),
		(2495,2626),
		(2287,2840),
		(1095,1897),
		(1830,1718),
		(3256,2090),
		(1184,1628),
		(1876,1233),
		(1391,747),
		(822,1198),
		(3062,3195),
		(1216,1535),
		(2744,1862),
		(2426,3612),
		(1786,1299),
		(446,2449),
		(771,1189),
		(2818,3479),
		(2632,2517),
		(1194,1610),
		(280,3616),
		(2723,2482),
		(1177,1676),
		(2185,2784),
		(1403,1935),
		(3292,2836),
		(930,1426),
		(1169,1237),
		(1111,1770),
		(2388,3018),
		(1659,1081),
		(1960,2556),
		(2839,2304),
		(2688,3019),
		(2861,2761),
		(1549,1433),
		(1006,1603),
		(1639,1326),
		(1124,1993),
		(1686,689),
		(2726,2920),
		(727,1577),
		(2145,2262),
		(831,1013),
		(3114,798),
		(2197,2949),
		(2258,2208),
		(2683,2880),
		(1450,1604),
		(1276,1679),
		(3138,2029),
		(3031,2691),
		(1247,1469),
		(2389,2301)
	};
	const int workingDayDuration = 9 * Hour;
	var input = new OptimizationInput
	{
		Days = new[] {(0* Hour, 0*Hour + workingDayDuration), (24* Hour, 24*Hour + workingDayDuration) },

		RouteCosts = new[,]
		{
			{ 0, 3238, 1039, 1224, 2773, 2787, 921, 2622, 1794, 515, 2896, 1711, 604, 1210, 745, 1516, 796, 392, 2530, 478, 1086, 1056, 1813, 2298, 926, 601, 3067, 2541, 673, 435, 1413, 2653, 2656, 2751, 2546, 1426, 957, 1508, 1114, 312, 285, 2362, 2928, 3442, 885, 939, 2341, 471, 2318, 3223, 3387, 1543, 2102, 2678, 546, 1002, 1282, 2846, 663, 2776, 1164, 3104, 675, 1184, 799, 2919, 2821, 684, 1131, 1253, 1145, 481, 627, 2796, 3088, 1406, 908, 2307, 2506, 833, 1384, 2446, 799, 2774, 932, 2561, 2002, 473, 3371, 376, 1031, 2099, 2541, 321, 712, 628, 856, 2474, 1579, 871, 1133, 2739, 970, 1839, 2019, 185, 2524, 494, 497, 2658, 2988, 924, 609, 2860, 3391, 2892, 611, 1396, 556, 866, 2687, 1750, 3085, 1872, 2774, 888, 2754, 869, 1035, 2440, 1901, 810, 2485, 2204, 2889, 3022, 394, 2507, 1185, 1144, 2216, 2909, 3069, 768, 787, 2486, 3124, 728, 2467, 1141, 2146, 68, 2807, 2718, 2481, 940, 2462, 1403, 764, 644, 479, 2299, 2652, 2302, 2376, 2748, 595, 2910, 1336, 3123, 2110, 1125, 1267, 638, 2274, 2380, 888, 356, 2518, 1106 },
			{ 3238, 0, 2247, 2382, 481, 880, 2327, 661, 1444, 2872, 421, 1574, 2749, 2029, 2496, 2900, 2455, 2846, 928, 3117, 2158, 2446, 1424, 1397, 2379, 2712, 663, 1150, 2602, 2824, 1956, 700, 601, 524, 1877, 1818, 2311, 1821, 2125, 2928, 3076, 1016, 2589, 554, 2386, 2722, 1234, 2781, 965, 1948, 1185, 1970, 1210, 627, 2758, 2261, 1956, 598, 2749, 1658, 2286, 966, 2613, 2081, 3037, 2534, 442, 2554, 3563, 2574, 2105, 2779, 2673, 471, 177, 2503, 2620, 1008, 1154, 2857, 1947, 1336, 2441, 865, 2510, 1012, 1248, 2827, 185, 3379, 2563, 1166, 1102, 3009, 3508, 2782, 2385, 763, 2775, 2366, 2204, 553, 2350, 1399, 1371, 3158, 726, 2854, 2757, 857, 1514, 2359, 2809, 643, 267, 426, 2637, 1846, 2730, 2379, 557, 1503, 464, 1552, 558, 2466, 737, 2409, 2400, 915, 1354, 2813, 763, 1264, 857, 220, 3209, 731, 2254, 3082, 1183, 1343, 170, 3229, 2454, 759, 2522, 2510, 791, 2289, 1135, 3180, 440, 565, 819, 2598, 1042, 1969, 2519, 2812, 2782, 984, 623, 1043, 1013, 1151, 2775, 473, 1910, 237, 2517, 2419, 1971, 2716, 965, 866, 2681, 2882, 722, 2131 },
			{ 1039, 2247, 0, 1002, 1803, 1747, 169, 1607, 826, 863, 1881, 682, 502, 364, 331, 1651, 447, 675, 1492, 1111, 179, 370, 845, 1274, 134, 704, 2030, 1506, 367, 604, 791, 1626, 1694, 1741, 2038, 550, 91, 469, 243, 758, 968, 1489, 2640, 2410, 155, 1051, 1564, 567, 1299, 2669, 2356, 1011, 1072, 1660, 515, 74, 352, 1816, 829, 1803, 299, 2066, 372, 490, 861, 2613, 1854, 397, 1798, 692, 180, 558, 430, 1788, 2087, 1291, 913, 1279, 1470, 1094, 721, 1423, 295, 1735, 336, 1734, 1069, 588, 2365, 1286, 976, 1084, 1743, 770, 1533, 841, 357, 1492, 1624, 288, 135, 1789, 601, 882, 980, 1015, 1561, 821, 542, 1620, 1991, 115, 860, 1826, 2378, 1877, 540, 425, 679, 220, 1690, 847, 2055, 836, 1753, 674, 1718, 515, 788, 1546, 893, 633, 1524, 1165, 1850, 2027, 1154, 1527, 290, 1498, 1178, 2201, 2076, 1365, 390, 1520, 2776, 368, 1515, 790, 1236, 974, 1833, 1705, 1554, 921, 1423, 790, 278, 894, 676, 1279, 1700, 1269, 1505, 1716, 799, 1975, 497, 2110, 1416, 926, 374, 755, 1285, 1420, 523, 695, 1526, 292 },
			{ 1224, 2382, 1002, 0, 1902, 2244, 862, 1898, 1111, 712, 2146, 1246, 1166, 738, 833, 684, 641, 925, 1964, 869, 846, 1349, 1126, 1973, 1043, 644, 2444, 2108, 998, 1031, 459, 1982, 1783, 1996, 1323, 782, 944, 1227, 795, 966, 954, 1380, 1749, 2739, 953, 364, 1256, 995, 1657, 2000, 2923, 418, 1540, 1964, 1094, 931, 841, 2177, 561, 2583, 1301, 2595, 1027, 571, 1633, 1733, 1939, 822, 1180, 1678, 892, 1016, 1067, 2025, 2270, 289, 323, 1690, 2070, 511, 503, 2104, 811, 2224, 1267, 1501, 1186, 1110, 2548, 1162, 213, 1462, 1454, 1210, 1178, 597, 688, 1669, 631, 753, 1127, 1831, 412, 1119, 1578, 1061, 1668, 730, 989, 2085, 2709, 991, 618, 2215, 2595, 2144, 741, 926, 702, 844, 1897, 964, 2386, 1531, 2060, 398, 2137, 531, 235, 1477, 1291, 1460, 1633, 1762, 2343, 2193, 986, 1694, 1291, 710, 1710, 1736, 2230, 874, 706, 1642, 1926, 798, 1597, 214, 1256, 1201, 1945, 1976, 1562, 291, 1950, 447, 1002, 590, 793, 1642, 1758, 1717, 1388, 2328, 629, 1963, 720, 2341, 2407, 103, 789, 592, 1522, 1540, 1409, 976, 1735, 739 },
			{ 2773, 481, 1803, 1902, 0, 812, 1871, 365, 984, 2395, 365, 1151, 2305, 1562, 2035, 2437, 1985, 2380, 705, 2638, 1701, 2034, 965, 1159, 1937, 2236, 769, 981, 2150, 2366, 1475, 482, 120, 295, 1528, 1348, 1861, 1404, 1664, 2461, 2602, 554, 2277, 900, 1936, 2241, 807, 2322, 588, 1744, 1358, 1493, 828, 384, 2307, 1811, 1496, 537, 2270, 1583, 1874, 1057, 2162, 1606, 2621, 2225, 53, 2091, 3083, 2197, 1652, 2322, 2224, 267, 376, 2032, 2138, 656, 969, 2376, 1466, 1148, 1980, 788, 2085, 625, 773, 2375, 646, 2903, 2082, 751, 720, 2555, 3027, 2303, 1917, 314, 2315, 1902, 1774, 112, 1872, 935, 1013, 2687, 249, 2378, 2299, 704, 1511, 1913, 2330, 602, 700, 366, 2167, 1391, 2256, 1920, 207, 1028, 610, 1188, 401, 1987, 627, 1934, 1919, 454, 919, 2393, 287, 960, 847, 296, 2732, 279, 1841, 2605, 857, 1100, 328, 2748, 1986, 286, 2248, 2046, 311, 1808, 654, 2716, 44, 321, 344, 2117, 812, 1487, 2070, 2333, 2311, 605, 148, 708, 554, 1075, 2297, 243, 1438, 469, 2270, 1939, 1507, 2239, 522, 392, 2263, 2418, 302, 1667 },
			{ 2787, 880, 1747, 2244, 812, 0, 1875, 486, 1135, 2534, 499, 1092, 2221, 1661, 2057, 2882, 2083, 2416, 280, 2792, 1723, 1834, 1120, 587, 1864, 2364, 314, 305, 2114, 2352, 1786, 354, 835, 516, 2257, 1504, 1830, 1278, 1715, 2499, 2692, 1195, 3022, 721, 1902, 2519, 1484, 2315, 596, 2549, 681, 1897, 719, 439, 2254, 1787, 1560, 296, 2444, 791, 1683, 350, 2116, 1776, 2406, 2972, 842, 2123, 3373, 1876, 1659, 2305, 2169, 550, 717, 2452, 2390, 555, 326, 2629, 1744, 485, 2008, 25, 1927, 1377, 1092, 2329, 874, 3011, 2374, 782, 1468, 2508, 3212, 2470, 1995, 738, 2782, 1953, 1661, 914, 2062, 1125, 768, 2753, 831, 2503, 2289, 162, 699, 1862, 2495, 239, 832, 495, 2241, 1441, 2363, 1933, 619, 1281, 445, 921, 412, 2182, 184, 2076, 2175, 1122, 964, 2200, 839, 585, 103, 726, 2860, 740, 1653, 2946, 575, 1903, 767, 2979, 2058, 819, 3019, 2083, 887, 2085, 1104, 2721, 789, 492, 997, 2378, 325, 1797, 2023, 2513, 2389, 609, 889, 528, 1205, 275, 2447, 1038, 1589, 644, 1664, 2244, 1595, 2390, 772, 864, 2069, 2440, 668, 1743 },
			{ 921, 2327, 169, 862, 1871, 1875, 0, 1702, 886, 699, 1976, 791, 456, 336, 181, 1495, 278, 540, 1613, 951, 169, 487, 906, 1424, 182, 537, 2149, 1646, 282, 497, 716, 1731, 1758, 1832, 1972, 553, 86, 606, 213, 624, 820, 1513, 2542, 2521, 101, 886, 1557, 455, 1397, 2618, 2498, 925, 1181, 1757, 440, 100, 376, 1925, 661, 1965, 453, 2202, 299, 409, 880, 2517, 1921, 247, 1630, 816, 223, 452, 362, 1878, 2172, 1149, 749, 1385, 1609, 925, 652, 1572, 135, 1862, 414, 1745, 1114, 505, 2454, 1140, 818, 1178, 1745, 684, 1374, 672, 191, 1565, 1474, 121, 304, 1847, 452, 937, 1109, 877, 1624, 659, 430, 1741, 2148, 129, 692, 1939, 2472, 1972, 380, 480, 515, 57, 1772, 874, 2163, 977, 1853, 513, 1835, 353, 639, 1579, 981, 665, 1586, 1299, 1979, 2109, 1000, 1599, 450, 1330, 1301, 2182, 2157, 1198, 221, 1585, 2689, 211, 1573, 655, 1272, 859, 1903, 1798, 1600, 759, 1550, 712, 216, 725, 522, 1377, 1759, 1381, 1529, 1860, 632, 2027, 479, 2203, 1576, 779, 375, 587, 1361, 1481, 580, 567, 1605, 234 },
			{ 2622, 661, 1607, 1898, 365, 486, 1702, 0, 845, 2295, 274, 926, 2108, 1427, 1877, 2496, 1859, 2234, 340, 2549, 1535, 1788, 826, 798, 1737, 2129, 561, 617, 1970, 2198, 1444, 132, 357, 136, 1774, 1232, 1677, 1167, 1510, 2317, 2483, 717, 2538, 848, 1752, 2208, 1005, 2157, 309, 2069, 1117, 1516, 551, 66, 2122, 1628, 1342, 288, 2185, 1226, 1628, 791, 1978, 1506, 2379, 2487, 409, 1938, 3064, 1914, 1478, 2152, 2037, 189, 489, 2073, 2090, 347, 604, 2331, 1418, 782, 1823, 461, 1856, 891, 712, 2194, 759, 2795, 2054, 523, 982, 2376, 2956, 2215, 1781, 264, 2386, 1754, 1555, 450, 1788, 812, 710, 2558, 345, 2272, 2132, 352, 1176, 1722, 2242, 339, 771, 270, 2035, 1226, 2140, 1756, 158, 947, 489, 891, 162, 1908, 308, 1828, 1869, 639, 721, 2156, 356, 619, 548, 443, 2631, 259, 1596, 2609, 528, 1424, 495, 2696, 1849, 337, 2533, 1895, 405, 1767, 671, 2561, 359, 98, 512, 2073, 447, 1457, 1884, 2252, 2183, 329, 410, 383, 726, 728, 2201, 608, 1324, 503, 1917, 1915, 1364, 2143, 377, 400, 2024, 2266, 190, 1524 },
			{ 1794, 1444, 826, 1111, 984, 1135, 886, 845, 0, 1450, 1115, 290, 1324, 586, 1052, 1766, 1017, 1402, 855, 1704, 717, 1101, 19, 911, 960, 1284, 1355, 1004, 1166, 1382, 654, 902, 871, 966, 1510, 387, 879, 505, 681, 1484, 1641, 692, 2233, 1689, 953, 1386, 844, 1338, 563, 2044, 1812, 796, 431, 906, 1323, 829, 512, 1101, 1342, 1531, 948, 1485, 1179, 662, 1670, 2193, 1034, 1110, 2243, 1328, 668, 1338, 1241, 1008, 1295, 1335, 1261, 583, 966, 1502, 609, 1025, 997, 1115, 1130, 956, 253, 1391, 1579, 1951, 1239, 354, 988, 1571, 2113, 1371, 942, 680, 1677, 922, 816, 963, 946, 60, 510, 1719, 738, 1427, 1315, 978, 1623, 933, 1398, 1130, 1604, 1112, 1195, 407, 1296, 936, 894, 175, 1328, 546, 1005, 1066, 1041, 983, 1043, 733, 185, 1440, 700, 671, 1235, 1228, 1786, 714, 916, 1810, 605, 1485, 1275, 1861, 1011, 698, 2308, 1065, 689, 950, 426, 1736, 1016, 936, 729, 1247, 839, 666, 1087, 1408, 1342, 546, 875, 607, 709, 1222, 1356, 1148, 478, 1336, 1695, 1109, 527, 1298, 481, 595, 1316, 1438, 725, 687 },
			{ 515, 2872, 863, 712, 2395, 2534, 699, 2295, 1450, 0, 2566, 1442, 679, 876, 535, 1057, 452, 318, 2261, 258, 822, 1059, 1469, 2117, 805, 169, 2788, 2325, 598, 467, 957, 2347, 2276, 2416, 2035, 1063, 772, 1295, 821, 310, 243, 1937, 2419, 3138, 723, 435, 1881, 456, 2007, 2712, 3177, 1056, 1820, 2357, 589, 799, 974, 2546, 151, 2665, 1101, 2871, 620, 792, 1087, 2409, 2440, 473, 944, 1350, 889, 482, 619, 2455, 2734, 895, 393, 2011, 2287, 359, 944, 2264, 567, 2518, 938, 2112, 1623, 561, 3019, 508, 516, 1788, 2083, 577, 681, 115, 543, 2114, 1099, 596, 992, 2347, 525, 1485, 1779, 349, 2147, 49, 468, 2390, 2846, 774, 94, 2569, 3050, 2562, 323, 1093, 184, 644, 2337, 1369, 2777, 1664, 2455, 417, 2471, 467, 539, 2023, 1590, 986, 2109, 1972, 2637, 2663, 337, 2145, 1110, 748, 1960, 2421, 2708, 509, 487, 2112, 2612, 495, 2084, 653, 1747, 499, 2433, 2387, 2080, 425, 2212, 946, 666, 132, 214, 1988, 2264, 2018, 1949, 2543, 98, 2506, 972, 2783, 2193, 614, 941, 156, 1928, 2005, 996, 355, 2167, 790 },
			{ 2896, 421, 1881, 2146, 365, 499, 1976, 274, 1115, 2566, 0, 1199, 2381, 1699, 2151, 2724, 2132, 2508, 507, 2818, 1810, 2054, 1096, 977, 2011, 2400, 404, 740, 2244, 2472, 1697, 281, 439, 150, 1890, 1502, 1951, 1437, 1784, 2591, 2755, 878, 2642, 593, 2026, 2465, 1151, 2431, 582, 2100, 993, 1753, 818, 222, 2396, 1903, 1616, 203, 2453, 1291, 1894, 698, 2252, 1775, 2643, 2589, 377, 2213, 3319, 2165, 1752, 2427, 2311, 124, 244, 2307, 2351, 610, 741, 2592, 1675, 924, 2097, 479, 2124, 987, 965, 2468, 491, 3066, 2309, 798, 1082, 2650, 3222, 2484, 2054, 477, 2609, 2028, 1826, 477, 2055, 1080, 964, 2831, 505, 2543, 2406, 444, 1185, 1995, 2510, 264, 497, 5, 2308, 1500, 2412, 2030, 254, 1208, 257, 1145, 139, 2174, 331, 2099, 2129, 784, 995, 2422, 533, 846, 509, 231, 2902, 456, 1862, 2856, 770, 1459, 277, 2959, 2122, 519, 2613, 2169, 577, 2025, 897, 2835, 329, 179, 659, 2333, 621, 1710, 2158, 2519, 2456, 601, 489, 636, 882, 775, 2471, 556, 1594, 230, 2100, 2169, 1638, 2412, 639, 612, 2290, 2540, 411, 1797 },
			{ 1711, 1574, 682, 1246, 1151, 1092, 791, 926, 290, 1442, 1199, 0, 1181, 576, 971, 1925, 991, 1331, 823, 1701, 633, 882, 297, 727, 811, 1272, 1358, 891, 1048, 1281, 818, 944, 1051, 1061, 1796, 464, 756, 253, 622, 1415, 1601, 957, 2511, 1731, 831, 1466, 1131, 1241, 617, 2334, 1738, 1002, 390, 978, 1198, 709, 471, 1135, 1358, 1337, 723, 1428, 1054, 711, 1470, 2472, 1204, 1036, 2307, 1071, 570, 1234, 1113, 1110, 1410, 1501, 1330, 597, 853, 1561, 755, 862, 920, 1077, 936, 1227, 522, 1271, 1686, 1919, 1335, 407, 1266, 1453, 2122, 1382, 902, 837, 1851, 861, 629, 1154, 990, 345, 343, 1665, 922, 1411, 1216, 952, 1466, 797, 1407, 1148, 1696, 1195, 1150, 353, 1270, 847, 1018, 441, 1374, 293, 1071, 1106, 1043, 989, 1127, 983, 235, 1242, 887, 536, 1196, 1354, 1767, 872, 690, 1911, 517, 1769, 1404, 1899, 965, 879, 2593, 995, 889, 1055, 691, 1648, 1176, 1025, 954, 1323, 769, 827, 960, 1427, 1298, 597, 1067, 590, 975, 1112, 1356, 1347, 533, 1429, 1406, 1221, 510, 1301, 628, 790, 1112, 1359, 860, 652 },
			{ 604, 2749, 502, 1166, 2305, 2221, 456, 2108, 1324, 679, 2381, 1181, 0, 792, 356, 1693, 534, 368, 1976, 857, 618, 452, 1343, 1709, 370, 595, 2513, 1962, 185, 221, 1142, 2122, 2195, 2242, 2388, 1009, 445, 952, 669, 417, 650, 1968, 2908, 2900, 373, 1046, 2012, 223, 1799, 3047, 2800, 1334, 1567, 2159, 89, 496, 825, 2309, 739, 2173, 563, 2526, 161, 845, 467, 2888, 2356, 347, 1589, 688, 657, 196, 103, 2290, 2589, 1430, 939, 1775, 1927, 1019, 1087, 1856, 400, 2211, 328, 2201, 1561, 139, 2867, 930, 1047, 1586, 2201, 292, 1235, 727, 522, 1995, 1708, 485, 561, 2288, 774, 1378, 1459, 650, 2062, 629, 211, 2102, 2386, 392, 731, 2315, 2878, 2376, 438, 918, 536, 423, 2192, 1327, 2549, 1300, 2252, 768, 2206, 646, 932, 2032, 1395, 311, 2024, 1636, 2322, 2529, 850, 2029, 586, 1424, 1661, 2633, 2579, 1163, 477, 2021, 3072, 379, 2014, 994, 1723, 536, 2335, 2206, 2048, 963, 1899, 1136, 241, 778, 468, 1779, 2199, 1762, 1984, 2162, 673, 2472, 935, 2611, 1547, 1067, 830, 664, 1787, 1920, 321, 349, 2028, 689 },
			{ 1210, 2029, 364, 738, 1562, 1661, 336, 1427, 586, 876, 1699, 576, 792, 0, 477, 1420, 432, 817, 1386, 1133, 188, 730, 605, 1287, 474, 707, 1912, 1468, 615, 810, 436, 1473, 1446, 1551, 1674, 220, 366, 494, 127, 899, 1056, 1180, 2289, 2265, 427, 900, 1222, 765, 1133, 2306, 2315, 659, 944, 1487, 771, 322, 110, 1671, 783, 1877, 629, 2002, 634, 167, 1206, 2260, 1610, 530, 1731, 1041, 191, 768, 697, 1594, 1881, 1020, 761, 1135, 1429, 987, 363, 1428, 422, 1645, 699, 1409, 794, 832, 2165, 1368, 782, 913, 1409, 1006, 1551, 808, 356, 1265, 1369, 341, 446, 1530, 417, 629, 919, 1132, 1314, 849, 743, 1515, 2028, 428, 833, 1693, 2190, 1696, 609, 223, 713, 374, 1481, 546, 1904, 831, 1584, 531, 1595, 414, 573, 1249, 714, 984, 1275, 1113, 1764, 1814, 1208, 1298, 609, 1352, 1090, 1850, 1861, 1322, 425, 1276, 2419, 485, 1258, 527, 945, 1154, 1597, 1520, 1277, 757, 1342, 437, 552, 851, 756, 1114, 1443, 1143, 1195, 1688, 786, 1706, 143, 1922, 1685, 688, 66, 729, 1068, 1170, 882, 855, 1311, 106 },
			{ 745, 2496, 331, 833, 2035, 2057, 181, 1877, 1052, 535, 2151, 971, 356, 477, 0, 1418, 192, 360, 1793, 780, 341, 558, 1071, 1602, 273, 384, 2329, 1826, 172, 332, 788, 1909, 1920, 2006, 2032, 697, 240, 786, 370, 444, 640, 1655, 2561, 2700, 187, 784, 1676, 288, 1573, 2691, 2678, 977, 1361, 1933, 310, 274, 539, 2103, 521, 2134, 572, 2383, 200, 498, 818, 2539, 2084, 67, 1476, 877, 401, 291, 253, 2051, 2343, 1110, 656, 1564, 1789, 799, 735, 1750, 55, 2043, 453, 1875, 1270, 361, 2626, 959, 746, 1354, 1869, 530, 1201, 526, 165, 1733, 1413, 139, 457, 2006, 427, 1100, 1290, 696, 1787, 492, 266, 1922, 2322, 238, 542, 2119, 2646, 2147, 211, 651, 351, 123, 1943, 1023, 2341, 1157, 2029, 445, 2015, 302, 599, 1725, 1156, 629, 1748, 1480, 2160, 2279, 823, 1766, 578, 1211, 1482, 2287, 2326, 1042, 127, 1748, 2720, 43, 1733, 647, 1422, 685, 2068, 1973, 1754, 673, 1732, 781, 172, 580, 345, 1554, 1919, 1561, 1669, 2040, 480, 2183, 614, 2377, 1685, 739, 528, 442, 1531, 1643, 577, 389, 1775, 371 },
			{ 1516, 2900, 1651, 684, 2437, 2882, 1495, 2496, 1766, 1057, 2724, 1925, 1693, 1420, 1418, 0, 1233, 1364, 2605, 1043, 1511, 1970, 1779, 2650, 1667, 1099, 3055, 2770, 1558, 1505, 1115, 2594, 2323, 2579, 1405, 1462, 1581, 1911, 1465, 1367, 1236, 1885, 1505, 3315, 1573, 646, 1683, 1483, 2287, 2023, 3564, 985, 2197, 2563, 1607, 1577, 1524, 2783, 958, 3263, 1947, 3232, 1586, 1254, 2135, 1511, 2465, 1384, 851, 2295, 1563, 1508, 1609, 2600, 2813, 431, 762, 2329, 2732, 698, 1172, 2778, 1413, 2860, 1871, 1927, 1796, 1598, 3077, 1280, 676, 2107, 1856, 1635, 1106, 976, 1306, 2249, 139, 1376, 1783, 2349, 1050, 1764, 2251, 1330, 2224, 1100, 1487, 2720, 3382, 1618, 979, 2827, 3136, 2722, 1259, 1611, 1159, 1464, 2469, 1605, 2974, 2213, 2655, 983, 2760, 1142, 865, 1986, 1950, 2004, 2193, 2430, 2978, 2733, 1150, 2268, 1942, 418, 2371, 1978, 2764, 828, 1301, 2206, 1730, 1376, 2151, 893, 1828, 1523, 2481, 2564, 2092, 745, 2602, 1105, 1589, 933, 1237, 2274, 2288, 2363, 1887, 2988, 1029, 2446, 1404, 2897, 3067, 735, 1473, 1030, 2130, 2112, 1983, 1407, 2320, 1410 },
			{ 796, 2455, 447, 641, 1985, 2083, 278, 1859, 1017, 452, 2132, 991, 534, 432, 192, 1233, 0, 407, 1811, 710, 372, 736, 1036, 1668, 435, 282, 2341, 1873, 358, 448, 642, 1905, 1867, 1984, 1864, 637, 363, 846, 368, 484, 623, 1566, 2375, 2697, 342, 610, 1558, 404, 1565, 2530, 2725, 813, 1371, 1919, 471, 375, 524, 2102, 388, 2227, 727, 2419, 387, 387, 1001, 2354, 2031, 186, 1360, 1061, 439, 418, 432, 2025, 2311, 917, 476, 1565, 1835, 647, 601, 1814, 179, 2067, 639, 1770, 1211, 505, 2595, 936, 558, 1345, 1756, 649, 1133, 405, 94, 1693, 1224, 159, 582, 1946, 240, 1057, 1326, 703, 1735, 420, 389, 1940, 2401, 389, 427, 2123, 2622, 2128, 184, 644, 281, 235, 1911, 958, 2336, 1213, 2017, 254, 2024, 112, 406, 1644, 1146, 819, 1697, 1520, 2186, 2242, 778, 1725, 726, 1052, 1508, 2151, 2288, 933, 67, 1699, 2538, 157, 1677, 460, 1351, 745, 2021, 1953, 1686, 490, 1760, 634, 363, 455, 326, 1546, 1860, 1570, 1580, 2091, 371, 2116, 546, 2354, 1849, 546, 496, 319, 1499, 1592, 769, 452, 1741, 340 },
			{ 392, 2846, 675, 925, 2380, 2416, 540, 2234, 1402, 318, 2508, 1331, 368, 817, 360, 1364, 407, 0, 2153, 492, 700, 785, 1421, 1949, 581, 284, 2689, 2181, 335, 149, 1040, 2268, 2264, 2362, 2223, 1033, 588, 1141, 723, 84, 302, 1973, 2671, 3059, 521, 725, 1963, 147, 1932, 2896, 3032, 1191, 1721, 2291, 279, 629, 892, 2463, 409, 2461, 856, 2740, 349, 795, 772, 2656, 2428, 295, 1223, 1053, 761, 173, 328, 2405, 2696, 1155, 643, 1923, 2144, 672, 1004, 2098, 411, 2402, 659, 2178, 1609, 243, 2980, 613, 763, 1712, 2162, 286, 889, 388, 463, 2082, 1395, 480, 786, 2346, 605, 1447, 1648, 339, 2131, 270, 167, 2282, 2659, 566, 385, 2479, 3002, 2504, 224, 1007, 224, 483, 2296, 1357, 2700, 1511, 2387, 545, 2375, 491, 707, 2050, 1513, 670, 2092, 1837, 2519, 2630, 500, 2115, 871, 1066, 1842, 2547, 2677, 794, 394, 2093, 2851, 338, 2074, 800, 1754, 339, 2415, 2329, 2088, 672, 2090, 1031, 421, 432, 134, 1912, 2259, 1921, 1987, 2392, 336, 2518, 944, 2733, 1907, 822, 875, 347, 1883, 1987, 690, 50, 2127, 714 },
			{ 2530, 928, 1492, 1964, 705, 280, 1613, 340, 855, 2261, 507, 823, 1976, 1386, 1793, 2605, 1811, 2153, 0, 2519, 1457, 1609, 839, 472, 1613, 2091, 537, 280, 1860, 2096, 1506, 237, 689, 439, 2041, 1225, 1572, 1026, 1445, 2237, 2424, 978, 2806, 927, 1645, 2239, 1264, 2058, 327, 2386, 959, 1621, 442, 331, 2004, 1527, 1287, 356, 2168, 899, 1453, 630, 1863, 1498, 2191, 2758, 749, 1859, 3094, 1685, 1393, 2050, 1918, 490, 751, 2174, 2110, 276, 264, 2349, 1464, 442, 1743, 261, 1693, 1191, 821, 2078, 977, 2743, 2094, 502, 1276, 2259, 2938, 2194, 1724, 535, 2507, 1685, 1414, 788, 1784, 845, 517, 2489, 646, 2231, 2032, 129, 882, 1607, 2220, 346, 959, 502, 1973, 1167, 2092, 1670, 498, 1002, 589, 686, 372, 1904, 232, 1800, 1895, 918, 684, 1978, 642, 358, 381, 730, 2589, 548, 1422, 2665, 315, 1743, 779, 2701, 1789, 622, 2819, 1818, 686, 1805, 850, 2465, 697, 401, 801, 2098, 114, 1517, 1770, 2237, 2122, 337, 739, 248, 990, 430, 2172, 948, 1311, 718, 1597, 1964, 1320, 2116, 516, 642, 1846, 2179, 477, 1471 },
			{ 478, 3117, 1111, 869, 2638, 2792, 951, 2549, 1704, 258, 2818, 1701, 857, 1133, 780, 1043, 710, 492, 2519, 0, 1079, 1275, 1723, 2373, 1042, 428, 3045, 2583, 816, 635, 1182, 2603, 2519, 2668, 2176, 1316, 1020, 1551, 1079, 441, 225, 2167, 2490, 3393, 966, 526, 2092, 640, 2262, 2850, 3435, 1253, 2077, 2611, 770, 1050, 1232, 2801, 368, 2914, 1333, 3129, 834, 1043, 1204, 2486, 2682, 715, 731, 1544, 1146, 665, 819, 2706, 2983, 988, 551, 2268, 2545, 391, 1177, 2520, 817, 2776, 1150, 2329, 1870, 723, 3267, 292, 657, 2044, 2294, 676, 424, 335, 801, 2363, 1116, 851, 1237, 2587, 767, 1737, 2037, 296, 2391, 292, 659, 2648, 3099, 1016, 308, 2825, 3300, 2814, 571, 1351, 436, 894, 2587, 1616, 3032, 1921, 2709, 651, 2728, 721, 744, 2256, 1847, 1145, 2353, 2230, 2895, 2911, 119, 2393, 1344, 666, 2218, 2605, 2954, 313, 743, 2358, 2696, 743, 2327, 860, 1987, 498, 2677, 2639, 2319, 581, 2470, 1170, 894, 308, 438, 2244, 2505, 2276, 2178, 2800, 347, 2742, 1225, 3034, 2400, 784, 1198, 406, 2179, 2251, 1179, 508, 2417, 1049 },
			{ 1086, 2158, 179, 846, 1701, 1723, 169, 1535, 717, 822, 1810, 633, 618, 188, 341, 1511, 372, 700, 1457, 1079, 0, 549, 736, 1295, 286, 653, 1991, 1504, 450, 666, 612, 1568, 1588, 1665, 1860, 393, 180, 474, 64, 784, 968, 1350, 2462, 2359, 246, 938, 1405, 623, 1232, 2494, 2357, 832, 1021, 1592, 608, 133, 207, 1763, 758, 1858, 465, 2055, 465, 312, 1019, 2434, 1751, 404, 1729, 869, 66, 621, 528, 1710, 2004, 1135, 797, 1223, 1466, 1001, 542, 1442, 288, 1709, 511, 1586, 946, 674, 2286, 1287, 845, 1013, 1590, 853, 1503, 777, 279, 1396, 1474, 229, 284, 1678, 463, 767, 961, 1032, 1455, 787, 599, 1586, 2028, 241, 799, 1779, 2305, 1806, 518, 311, 644, 221, 1604, 709, 2000, 841, 1688, 555, 1676, 405, 645, 1413, 814, 795, 1417, 1153, 1827, 1940, 1139, 1430, 451, 1391, 1148, 2037, 1988, 1304, 336, 1415, 2597, 362, 1404, 631, 1105, 1025, 1733, 1632, 1432, 801, 1399, 611, 377, 826, 666, 1212, 1590, 1221, 1366, 1721, 744, 1859, 328, 2036, 1561, 777, 213, 692, 1192, 1312, 694, 731, 1436, 114 },
			{ 1056, 2446, 370, 1349, 2034, 1834, 487, 1788, 1101, 1059, 2054, 882, 452, 730, 558, 1970, 736, 785, 1609, 1275, 549, 0, 1117, 1291, 306, 929, 2136, 1557, 461, 656, 1161, 1781, 1934, 1925, 2404, 896, 406, 629, 613, 851, 1085, 1789, 3010, 2535, 398, 1342, 1895, 640, 1481, 3028, 2378, 1381, 1237, 1832, 523, 430, 698, 1956, 1073, 1724, 160, 2120, 441, 860, 590, 2983, 2086, 604, 1999, 329, 540, 618, 458, 1976, 2277, 1636, 1212, 1443, 1525, 1355, 1091, 1435, 557, 1826, 126, 2046, 1354, 589, 2545, 1378, 1294, 1285, 2065, 739, 1673, 1073, 666, 1720, 1956, 598, 298, 2036, 938, 1161, 1096, 1097, 1804, 1011, 619, 1729, 1944, 358, 1085, 1954, 2545, 2049, 751, 738, 885, 508, 1893, 1161, 2195, 922, 1918, 987, 1841, 831, 1124, 1834, 1116, 369, 1768, 1255, 1932, 2226, 1284, 1755, 193, 1768, 1299, 2539, 2277, 1565, 669, 1761, 3147, 601, 1768, 1142, 1526, 988, 2058, 1886, 1823, 1226, 1520, 1160, 397, 1128, 846, 1462, 1948, 1418, 1806, 1747, 1023, 2228, 856, 2284, 1134, 1265, 731, 993, 1511, 1670, 237, 780, 1740, 662 },
			{ 1813, 1424, 845, 1126, 965, 1120, 906, 826, 19, 1469, 1096, 297, 1343, 605, 1071, 1779, 1036, 1421, 839, 1723, 736, 1117, 0, 903, 979, 1303, 1337, 992, 1185, 1401, 668, 884, 852, 947, 1507, 406, 898, 517, 700, 1504, 1660, 677, 2233, 1671, 972, 1403, 834, 1358, 546, 2036, 1797, 807, 418, 888, 1342, 848, 532, 1083, 1360, 1523, 964, 1470, 1198, 681, 1687, 2192, 1015, 1129, 2260, 1342, 687, 1357, 1260, 988, 1275, 1347, 1278, 567, 954, 1519, 624, 1016, 1016, 1100, 1147, 943, 238, 1410, 1559, 1970, 1256, 338, 976, 1590, 2131, 1390, 962, 661, 1689, 941, 834, 944, 964, 48, 504, 1738, 719, 1446, 1334, 962, 1613, 951, 1416, 1112, 1585, 1093, 1215, 426, 1316, 956, 875, 182, 1310, 546, 986, 1084, 1024, 1002, 1060, 717, 174, 1457, 681, 662, 1219, 1209, 1805, 694, 932, 1826, 593, 1475, 1256, 1878, 1031, 679, 2306, 1085, 670, 966, 411, 1755, 997, 917, 711, 1264, 825, 680, 1106, 1427, 1362, 529, 856, 591, 695, 1209, 1375, 1129, 497, 1317, 1700, 1124, 546, 1317, 462, 576, 1333, 1457, 705, 707 },
			{ 2298, 1397, 1274, 1973, 1159, 587, 1424, 798, 911, 2117, 977, 727, 1709, 1287, 1602, 2650, 1668, 1949, 472, 2373, 1295, 1291, 903, 0, 1374, 1949, 901, 284, 1627, 1865, 1537, 710, 1121, 910, 2330, 1190, 1364, 822, 1305, 2031, 2242, 1307, 3085, 1309, 1429, 2186, 1571, 1833, 631, 2754, 1091, 1703, 521, 800, 1754, 1327, 1177, 807, 2051, 620, 1150, 832, 1624, 1433, 1843, 3040, 1206, 1669, 3015, 1297, 1228, 1819, 1671, 962, 1221, 2222, 2048, 548, 261, 2274, 1478, 148, 1559, 588, 1395, 1556, 1005, 1828, 1431, 2560, 2059, 651, 1630, 2001, 2797, 2071, 1575, 928, 2571, 1521, 1166, 1228, 1704, 933, 402, 2289, 1046, 2080, 1807, 544, 741, 1383, 2094, 777, 1401, 972, 1804, 1067, 1936, 1482, 954, 1086, 1016, 456, 844, 1817, 668, 1687, 1850, 1274, 730, 1648, 1031, 260, 672, 1202, 2425, 951, 1124, 2635, 365, 2125, 1251, 2597, 1630, 1012, 3127, 1635, 1066, 1782, 1106, 2231, 1157, 871, 1177, 2043, 358, 1546, 1536, 2120, 1946, 625, 1166, 487, 1323, 456, 2039, 1402, 1259, 1179, 1124, 1947, 1223, 1987, 816, 993, 1520, 1966, 890, 1345 },
			{ 926, 2379, 134, 1043, 1937, 1864, 182, 1737, 960, 805, 2011, 811, 370, 474, 273, 1667, 435, 581, 1613, 1042, 286, 306, 979, 1374, 0, 657, 2151, 1615, 253, 491, 885, 1753, 1828, 1871, 2139, 674, 111, 587, 348, 660, 881, 1621, 2721, 2535, 93, 1045, 1688, 458, 1428, 2778, 2461, 1099, 1198, 1789, 390, 152, 479, 1941, 794, 1881, 298, 2178, 251, 578, 734, 2696, 1988, 332, 1748, 635, 306, 445, 305, 1919, 2218, 1330, 912, 1406, 1579, 1070, 818, 1522, 259, 1853, 234, 1863, 1203, 464, 2496, 1194, 990, 1215, 1871, 645, 1458, 799, 361, 1626, 1651, 292, 207, 1923, 632, 1016, 1098, 918, 1695, 759, 433, 1740, 2078, 53, 815, 1950, 2508, 2006, 483, 558, 622, 203, 1822, 978, 2181, 947, 1882, 683, 1841, 526, 818, 1678, 1025, 509, 1658, 1280, 1966, 2159, 1073, 1660, 305, 1481, 1298, 2323, 2209, 1313, 370, 1654, 2865, 316, 1649, 837, 1368, 859, 1966, 1835, 1688, 925, 1540, 882, 162, 854, 603, 1409, 1834, 1395, 1637, 1822, 753, 2109, 614, 2240, 1416, 958, 495, 716, 1418, 1554, 409, 593, 1658, 386 },
			{ 601, 2712, 704, 644, 2236, 2364, 537, 2129, 1284, 169, 2400, 1272, 595, 707, 384, 1099, 282, 284, 2091, 428, 653, 929, 1303, 1949, 657, 0, 2619, 2156, 478, 410, 820, 2179, 2118, 2251, 1954, 898, 614, 1127, 651, 322, 370, 1790, 2386, 2971, 571, 452, 1749, 384, 1839, 2630, 3007, 942, 1650, 2190, 508, 637, 804, 2378, 146, 2502, 956, 2701, 504, 630, 1039, 2372, 2282, 327, 1094, 1235, 720, 410, 517, 2291, 2572, 870, 360, 1843, 2118, 430, 799, 2095, 409, 2348, 814, 1975, 1463, 501, 2857, 667, 479, 1620, 1950, 570, 850, 143, 374, 1952, 1120, 429, 836, 2191, 378, 1321, 1609, 466, 1988, 142, 388, 2220, 2680, 622, 158, 2400, 2887, 2397, 178, 924, 61, 484, 2174, 1209, 2610, 1495, 2288, 287, 2302, 302, 437, 1874, 1422, 906, 1949, 1802, 2467, 2502, 501, 1983, 962, 842, 1790, 2308, 2547, 661, 320, 1953, 2569, 342, 1926, 540, 1592, 568, 2274, 2221, 1926, 387, 2042, 809, 532, 198, 150, 1820, 2107, 1849, 1802, 2373, 96, 2354, 806, 2619, 2063, 541, 772, 69, 1763, 1846, 896, 334, 2004, 621 },
			{ 3067, 663, 2030, 2444, 769, 314, 2149, 561, 1355, 2788, 404, 1358, 2513, 1912, 2329, 3055, 2341, 2689, 537, 3045, 1991, 2136, 1337, 901, 2151, 2619, 0, 618, 2397, 2634, 1986, 462, 836, 509, 2291, 1737, 2110, 1563, 1977, 2773, 2958, 1260, 3045, 407, 2182, 2739, 1541, 2595, 792, 2500, 588, 2072, 970, 495, 2541, 2064, 1816, 273, 2690, 1012, 1983, 309, 2401, 2013, 2713, 2993, 781, 2394, 3597, 2188, 1928, 2587, 2456, 513, 535, 2629, 2616, 777, 640, 2857, 1953, 794, 2279, 315, 2225, 1389, 1262, 2615, 609, 3275, 2589, 1004, 1484, 2796, 3461, 2717, 2256, 821, 2946, 2219, 1951, 882, 2299, 1334, 1053, 3024, 881, 2760, 2570, 410, 852, 2145, 2743, 228, 549, 403, 2506, 1696, 2622, 2206, 629, 1481, 199, 1217, 412, 2419, 316, 2324, 2397, 1171, 1199, 2505, 901, 881, 237, 576, 3119, 810, 1953, 3152, 852, 1861, 600, 3215, 2321, 883, 3018, 2354, 949, 2300, 1233, 3003, 734, 510, 1043, 2602, 616, 1998, 2307, 2757, 2655, 808, 888, 770, 1266, 533, 2698, 951, 1827, 431, 1961, 2454, 1847, 2640, 925, 959, 2373, 2716, 747, 2000 },
			{ 2541, 1150, 1506, 2108, 981, 305, 1646, 617, 1004, 2325, 740, 891, 1962, 1468, 1826, 2770, 1873, 2181, 280, 2583, 1504, 1557, 992, 284, 1615, 2156, 618, 0, 1868, 2106, 1656, 502, 969, 703, 2300, 1338, 1593, 1040, 1504, 2264, 2467, 1242, 3064, 1025, 1661, 2353, 1524, 2072, 563, 2663, 852, 1797, 573, 599, 2002, 1553, 1361, 552, 2247, 622, 1412, 564, 1867, 1600, 2120, 3016, 1022, 1893, 3198, 1580, 1438, 2060, 1917, 750, 978, 2339, 2219, 490, 38, 2452, 1605, 186, 1780, 308, 1657, 1465, 1029, 2076, 1166, 2786, 2217, 677, 1548, 2252, 3006, 2270, 1781, 811, 2681, 1734, 1409, 1067, 1881, 1010, 548, 2521, 923, 2291, 2046, 295, 636, 1619, 2295, 512, 1130, 735, 2021, 1244, 2148, 1704, 774, 1169, 743, 670, 619, 1998, 412, 1879, 2011, 1189, 820, 1920, 918, 355, 388, 971, 2643, 826, 1384, 2793, 398, 2021, 1017, 2790, 1841, 898, 3085, 1857, 961, 1932, 1088, 2475, 970, 668, 1076, 2210, 199, 1667, 1777, 2316, 2167, 566, 1020, 437, 1256, 221, 2242, 1223, 1417, 922, 1370, 2095, 1402, 2188, 762, 908, 1790, 2202, 755, 1539 },
			{ 673, 2602, 367, 998, 2150, 2114, 282, 1970, 1166, 598, 2244, 1048, 185, 615, 172, 1558, 358, 335, 1860, 816, 450, 461, 1185, 1627, 253, 478, 2397, 1868, 0, 238, 957, 1992, 2038, 2102, 2204, 835, 292, 836, 496, 410, 638, 1795, 2732, 2778, 217, 914, 1831, 205, 1662, 2862, 2715, 1150, 1438, 2024, 157, 341, 658, 2183, 624, 2127, 521, 2430, 29, 660, 646, 2711, 2200, 177, 1538, 757, 498, 192, 83, 2149, 2445, 1269, 796, 1645, 1832, 908, 901, 1776, 214, 2102, 339, 2024, 1396, 225, 2726, 946, 896, 1446, 2022, 406, 1222, 620, 337, 1843, 1562, 300, 461, 2128, 597, 1218, 1347, 668, 1905, 550, 179, 1987, 2329, 252, 630, 2194, 2741, 2240, 303, 759, 428, 242, 2046, 1157, 2422, 1199, 2118, 603, 2086, 470, 763, 1861, 1251, 461, 1866, 1531, 2217, 2383, 835, 1877, 536, 1320, 1545, 2449, 2432, 1104, 297, 1865, 2892, 200, 1854, 817, 1555, 607, 2182, 2067, 1883, 816, 1790, 950, 91, 674, 385, 1643, 2040, 1636, 1811, 2075, 568, 2309, 757, 2473, 1594, 901, 658, 545, 1637, 1762, 425, 342, 1880, 510 },
			{ 435, 2824, 604, 1031, 2366, 2352, 497, 2198, 1382, 467, 2472, 1281, 221, 810, 332, 1505, 448, 149, 2096, 635, 666, 656, 1401, 1865, 491, 410, 2634, 2106, 238, 0, 1090, 2224, 2252, 2329, 2305, 1030, 524, 1073, 701, 197, 431, 1986, 2780, 3012, 451, 861, 1998, 45, 1892, 2974, 2953, 1259, 1672, 2253, 136, 571, 869, 2416, 547, 2357, 744, 2669, 241, 818, 630, 2764, 2415, 284, 1367, 909, 720, 46, 201, 2375, 2670, 1275, 769, 1878, 2071, 818, 1045, 2013, 387, 2340, 530, 2203, 1603, 94, 2951, 723, 885, 1674, 2193, 202, 1018, 529, 476, 2062, 1530, 470, 699, 2338, 675, 1431, 1584, 442, 2118, 418, 67, 2224, 2562, 489, 529, 2428, 2969, 2468, 292, 977, 349, 445, 2270, 1356, 2655, 1437, 2348, 637, 2322, 550, 803, 2058, 1478, 520, 2080, 1769, 2455, 2606, 631, 2095, 762, 1215, 1782, 2598, 2654, 942, 412, 2079, 2955, 329, 2065, 884, 1755, 369, 2399, 2295, 2087, 796, 2027, 1082, 329, 576, 267, 1873, 2251, 1871, 2001, 2313, 476, 2516, 946, 2700, 1767, 928, 861, 478, 1859, 1975, 543, 127, 2102, 703 },
			{ 1413, 1956, 791, 459, 1475, 1786, 716, 1444, 654, 957, 1697, 818, 1142, 436, 788, 1115, 642, 1040, 1506, 1182, 612, 1161, 668, 1537, 885, 820, 1986, 1656, 957, 1090, 0, 1524, 1354, 1547, 1255, 369, 773, 854, 548, 1109, 1189, 984, 1852, 2289, 817, 769, 929, 1046, 1198, 1906, 2464, 222, 1085, 1510, 1097, 738, 503, 1721, 818, 2153, 1066, 2136, 982, 307, 1592, 1823, 1515, 814, 1621, 1477, 627, 1058, 1039, 1578, 1834, 686, 663, 1231, 1618, 901, 74, 1663, 742, 1765, 1118, 1155, 733, 1141, 2116, 1462, 612, 1004, 1129, 1291, 1555, 853, 624, 1224, 1034, 657, 883, 1414, 443, 660, 1137, 1287, 1233, 952, 1030, 1626, 2267, 834, 880, 1758, 2158, 1695, 816, 547, 858, 730, 1452, 505, 1933, 1110, 1607, 540, 1678, 548, 445, 1075, 836, 1381, 1196, 1315, 1884, 1758, 1285, 1250, 1046, 1166, 1258, 1509, 1798, 1272, 680, 1204, 1985, 773, 1165, 333, 821, 1371, 1516, 1525, 1144, 642, 1494, 12, 919, 874, 934, 1183, 1335, 1259, 995, 1875, 859, 1561, 343, 1899, 2098, 471, 455, 803, 1067, 1099, 1293, 1088, 1287, 500 },
			{ 2653, 700, 1626, 1982, 482, 354, 1731, 132, 902, 2347, 281, 944, 2122, 1473, 1909, 2594, 1905, 2268, 237, 2603, 1568, 1781, 884, 710, 1753, 2179, 462, 502, 1992, 2224, 1524, 0, 487, 202, 1905, 1288, 1700, 1172, 1547, 2352, 2526, 845, 2669, 792, 1775, 2281, 1133, 2184, 340, 2201, 997, 1610, 555, 97, 2142, 1653, 1382, 199, 2243, 1101, 1623, 667, 1998, 1564, 2370, 2618, 521, 1972, 3139, 1885, 1508, 2178, 2056, 253, 523, 2168, 2160, 347, 494, 2401, 1493, 676, 1857, 329, 1856, 1023, 800, 2215, 768, 2841, 2130, 559, 1114, 2397, 3014, 2272, 1823, 388, 2487, 1791, 1563, 575, 1849, 877, 687, 2597, 477, 2321, 2159, 223, 1045, 1742, 2298, 234, 764, 276, 2076, 1264, 2186, 1787, 277, 1021, 432, 866, 142, 1969, 179, 1881, 1940, 769, 758, 2151, 486, 564, 419, 495, 2681, 388, 1591, 2691, 490, 1555, 545, 2762, 1890, 466, 2665, 1930, 534, 1841, 779, 2591, 468, 165, 643, 2145, 351, 1537, 1904, 2310, 2224, 358, 540, 363, 854, 598, 2255, 721, 1379, 506, 1834, 1994, 1409, 2197, 463, 520, 2018, 2298, 316, 1566 },
			{ 2656, 601, 1694, 1783, 120, 835, 1758, 357, 871, 2276, 439, 1051, 2195, 1446, 1920, 2323, 1867, 2264, 689, 2519, 1588, 1934, 852, 1121, 1828, 2118, 836, 969, 2038, 2252, 1354, 487, 0, 333, 1455, 1231, 1751, 1305, 1550, 2345, 2484, 447, 2211, 1003, 1825, 2121, 712, 2208, 519, 1714, 1421, 1374, 748, 396, 2195, 1700, 1382, 584, 2150, 1584, 1775, 1109, 2051, 1488, 2519, 2160, 164, 1976, 2964, 2107, 1540, 2208, 2113, 323, 490, 1916, 2018, 594, 953, 2256, 1346, 1125, 1865, 811, 1982, 554, 655, 2262, 764, 2784, 1962, 660, 649, 2442, 2907, 2183, 1800, 221, 2202, 1787, 1669, 110, 1752, 821, 939, 2569, 133, 2259, 2185, 710, 1532, 1803, 2211, 647, 816, 439, 2050, 1279, 2138, 1807, 217, 910, 694, 1108, 439, 1867, 652, 1816, 1798, 349, 817, 2290, 171, 905, 884, 411, 2612, 187, 1742, 2487, 798, 1068, 446, 2627, 1870, 174, 2193, 1931, 191, 1687, 533, 2600, 161, 346, 231, 1997, 787, 1367, 1959, 2213, 2193, 533, 54, 651, 449, 1086, 2178, 302, 1321, 576, 2217, 1819, 1392, 2119, 423, 276, 2161, 2302, 233, 1551 },
			{ 2751, 524, 1741, 1996, 295, 516, 1832, 136, 966, 2416, 150, 1061, 2242, 1551, 2006, 2579, 1984, 2362, 439, 2668, 1665, 1925, 947, 910, 1871, 2251, 509, 703, 2102, 2329, 1547, 202, 333, 0, 1786, 1352, 1809, 1303, 1638, 2445, 2607, 751, 2544, 742, 1884, 2314, 1031, 2287, 445, 2037, 1090, 1605, 687, 109, 2255, 1760, 1470, 251, 2303, 1292, 1765, 776, 2110, 1625, 2515, 2492, 327, 2067, 3169, 2050, 1609, 2283, 2170, 54, 352, 2160, 2200, 484, 696, 2441, 1525, 878, 1952, 492, 1992, 887, 814, 2326, 624, 2917, 2159, 656, 981, 2509, 3072, 2334, 1907, 330, 2465, 1882, 1690, 399, 1904, 930, 846, 2684, 372, 2394, 2263, 415, 1216, 1855, 2360, 315, 640, 147, 2160, 1355, 2263, 1886, 120, 1058, 395, 1027, 107, 2023, 332, 1949, 1978, 661, 851, 2292, 395, 748, 555, 308, 2752, 311, 1733, 2707, 661, 1391, 360, 2808, 1975, 379, 2526, 2023, 442, 1874, 751, 2691, 274, 41, 534, 2182, 553, 1560, 2016, 2369, 2308, 464, 386, 518, 757, 781, 2321, 526, 1444, 371, 2033, 2019, 1490, 2262, 488, 467, 2160, 2395, 261, 1650 },
			{ 2546, 1877, 2038, 1323, 1528, 2257, 1972, 1774, 1510, 2035, 1890, 1796, 2388, 1674, 2032, 1405, 1864, 2223, 2041, 2176, 1860, 2404, 1507, 2330, 2139, 1954, 2291, 2300, 2204, 2305, 1255, 1905, 1455, 1786, 0, 1521, 2028, 1960, 1795, 2275, 2277, 1064, 765, 2403, 2073, 1650, 777, 2263, 1737, 677, 2876, 1054, 1811, 1829, 2334, 1990, 1711, 2036, 1884, 2913, 2291, 2559, 2230, 1563, 2845, 716, 1528, 2047, 2247, 2706, 1863, 2280, 2285, 1778, 1864, 1204, 1644, 1813, 2271, 1791, 1320, 2401, 1990, 2232, 2370, 903, 1335, 2369, 2062, 2466, 1526, 1679, 807, 2499, 2412, 1920, 1866, 1519, 1266, 1908, 2112, 1416, 1630, 1462, 1971, 2384, 1429, 2051, 2252, 2109, 2923, 2089, 1941, 2098, 2143, 1890, 2014, 1702, 2008, 1984, 1666, 1357, 2139, 2050, 1890, 1678, 2083, 1756, 1518, 1135, 1649, 2637, 1418, 2070, 2322, 1789, 2295, 1517, 2266, 1764, 1967, 631, 1798, 2100, 1914, 1439, 801, 2011, 1370, 1423, 1224, 2520, 1568, 1793, 1262, 1612, 2100, 1260, 2173, 1912, 2097, 1735, 1402, 1871, 1053, 2471, 1951, 1410, 1549, 1974, 3202, 1421, 1674, 1909, 1538, 1400, 2548, 2274, 1589, 1752 },
			{ 1426, 1818, 550, 782, 1348, 1504, 553, 1232, 387, 1063, 1502, 464, 1009, 220, 697, 1462, 637, 1033, 1225, 1316, 393, 896, 406, 1190, 674, 898, 1737, 1338, 835, 1030, 369, 1288, 1231, 1352, 1521, 0, 573, 487, 340, 1114, 1258, 960, 2176, 2076, 639, 1017, 1014, 986, 948, 2132, 2171, 577, 785, 1294, 991, 525, 199, 1487, 954, 1801, 772, 1851, 852, 276, 1409, 2143, 1395, 749, 1869, 1186, 370, 989, 915, 1392, 1675, 1040, 886, 961, 1300, 1124, 299, 1323, 643, 1485, 886, 1192, 576, 1053, 1959, 1565, 878, 733, 1197, 1227, 1726, 984, 569, 1056, 1391, 560, 598, 1313, 561, 422, 799, 1340, 1099, 1041, 964, 1351, 1929, 634, 1010, 1514, 1988, 1498, 819, 187, 913, 594, 1276, 326, 1715, 751, 1392, 681, 1422, 596, 674, 1028, 541, 1183, 1060, 986, 1606, 1606, 1400, 1088, 746, 1455, 946, 1651, 1651, 1478, 638, 1062, 2289, 704, 1041, 594, 724, 1370, 1383, 1323, 1057, 875, 1193, 375, 768, 1022, 963, 930, 1226, 977, 975, 1560, 969, 1487, 91, 1720, 1742, 759, 180, 910, 865, 955, 1073, 1072, 1106, 327 },
