using IRuettae.Core.Models;
namespace IRuettae.Evaluator
{
internal partial class DatasetFactory
{
/// <summary>
/// 100 Visits, 2 Days, 10 Santas
/// 20 Breaks, 90 unique visits
/// 35 Desired, 20 Unavailable on day 0
/// 35 Desired, 20 Unavailable on day 1
/// </summary>
public static (OptimizationInput input, (int x, int y)[] coordinates) DataSet10()
{
	// Coordinates of points
	var coordinates = new[]
	{
		(938,1683),
		(1415,2136),
		(2410,3408),
		(2157,3122),
		(2461,2631),
		(1129,1070),
		(2603,2636),
		(939,2027),
		(2251,2239),
		(2333,2734),
		(2869,2886),
		(1144,828),
		(2111,1971),
		(2547,2874),
		(1464,531),
		(504,1263),
		(2419,2953),
		(1352,1387),
		(2710,1700),
		(1297,653),
		(2541,1673),
		(2835,2234),
		(1226,1595),
		(2481,1950),
		(1516,1261),
		(1256,1125),
		(2491,3277),
		(1166,2160),
		(864,995),
		(2328,2939),
		(1459,1517),
		(1470,1068),
		(1846,1416),
		(2329,2182),
		(3364,2645),
		(1888,1658),
		(3181,3116),
		(3209,3159),
		(2676,2049),
		(2523,2336),
		(2602,2591),
		(1291,1420),
		(2317,2343),
		(2688,2307),
		(3117,2485),
		(1007,1636),
		(1101,978),
		(2707,2686),
		(2135,1651),
		(2630,3259),
		(2403,2811),
		(2189,2609),
		(417,1399),
		(2866,2881),
		(1344,524),
		(1657,1782),
		(2568,2929),
		(2929,2422),
		(2961,2670),
		(2234,2014),
		(2181,2660),
		(1053,1248),
		(1303,1786),
		(1715,848),
		(1081,1181),
		(2147,1458),
		(2904,3182),
		(1659,1000),
		(2397,2642),
		(2560,2652),
		(2597,2881),
		(3736,175),
		(1309,3025),
		(1622,864),
		(2499,2381),
		(2602,2615),
		(2174,2983),
		(686,1773),
		(2081,2684),
		(2098,1246),
		(2928,3005),
		(2711,3175),
		(3020,2818),
		(2696,2996),
		(1065,1990),
		(1312,946),
		(963,1162),
		(716,1248),
		(2646,3005),
		(2506,2290),
		(1308,1189)
	};
	const int workingDayDuration = 9 * Hour;
	var input = new OptimizationInput
	{
		Days = new[] {(0* Hour, 0*Hour + workingDayDuration), (24* Hour, 24*Hour + workingDayDuration) },

		RouteCosts = new[,]
		{
			{ 0, 1614, 1234, 1157, 1103, 1288, 488, 842, 1095, 1636, 1335, 715, 1351, 1605, 1261, 1294, 751, 1366, 1487, 1217, 1423, 573, 1082, 880, 1023, 1568, 250, 1267, 1215, 620, 1069, 839, 915, 2014, 672, 2019, 2065, 1263, 1125, 1271, 726, 925, 1284, 1737, 645, 1199, 1404, 868, 1654, 1196, 907, 1240, 1631, 1613, 428, 1399, 1540, 1635, 828, 928, 958, 367, 1322, 1011, 997, 1819, 1161, 1104, 1255, 1397, 3038, 895, 1288, 1111, 1280, 1137, 814, 862, 1121, 1744, 1661, 1743, 1542, 379, 1194, 1073, 1130, 1506, 1101, 953 },
			{ 1614, 0, 381, 778, 2665, 795, 2017, 1179, 678, 695, 2873, 1467, 551, 3028, 2869, 455, 2281, 1734, 2971, 1739, 1248, 2165, 1459, 2325, 2558, 154, 1762, 2865, 476, 2116, 2521, 2070, 1228, 1221, 1826, 824, 836, 1384, 1077, 839, 2281, 1069, 1135, 1162, 2260, 2760, 780, 1778, 265, 597, 829, 2829, 696, 3074, 1791, 504, 1114, 921, 1405, 782, 2550, 1963, 2652, 2593, 1967, 543, 2522, 766, 770, 559, 3494, 1165, 2663, 1030, 815, 486, 2376, 795, 2184, 656, 380, 848, 501, 1954, 2695, 2671, 2745, 467, 1122, 2477 },
			{ 1234, 381, 0, 577, 2295, 659, 1637, 887, 426, 750, 2507, 1151, 462, 2682, 2487, 311, 1912, 1525, 2614, 1499, 1117, 1788, 1215, 1968, 2190, 368, 1381, 2489, 250, 1750, 2165, 1734, 955, 1297, 1488, 1024, 1052, 1191, 867, 692, 1909, 795, 972, 1152, 1879, 2389, 701, 1471, 492, 396, 513, 2448, 748, 2722, 1430, 454, 1042, 922, 1110, 462, 2175, 1585, 2316, 2219, 1664, 749, 2179, 536, 619, 501, 3343, 853, 2320, 816, 674, 140, 1995, 444, 1876, 779, 556, 914, 553, 1572, 2334, 2295, 2363, 502, 902, 2111 },
			{ 1157, 778, 577, 0, 2052, 142, 1637, 444, 164, 481, 2232, 747, 257, 2324, 2387, 324, 1666, 963, 2295, 961, 545, 1611, 681, 1664, 1928, 646, 1377, 2286, 335, 1498, 1850, 1361, 468, 903, 1129, 868, 915, 620, 301, 146, 1683, 321, 395, 672, 1761, 2140, 252, 1032, 650, 189, 272, 2386, 475, 2384, 1169, 316, 512, 501, 657, 281, 1973, 1433, 1932, 2001, 1214, 707, 1817, 64, 101, 284, 2767, 1217, 1956, 252, 141, 454, 1971, 383, 1431, 598, 598, 589, 434, 1536, 2039, 2098, 2226, 417, 343, 1846 },
			{ 1103, 2665, 2295, 2052, 0, 2150, 975, 1620, 2053, 2515, 242, 1332, 2294, 634, 654, 2282, 387, 1701, 449, 1535, 2065, 533, 1613, 431, 138, 2593, 1090, 275, 2220, 555, 341, 796, 1636, 2734, 960, 2897, 2947, 1830, 1883, 2117, 385, 1741, 1990, 2440, 578, 96, 2258, 1161, 2654, 2157, 1868, 784, 2509, 586, 886, 2350, 2251, 2432, 1453, 1906, 193, 736, 626, 120, 1089, 2758, 534, 2019, 2133, 2331, 2756, 1963, 534, 1896, 2134, 2179, 830, 1873, 984, 2642, 2633, 2575, 2482, 922, 221, 189, 449, 2458, 1839, 214 },
			{ 1288, 795, 659, 142, 2150, 0, 1771, 530, 287, 365, 2323, 827, 244, 2393, 2508, 366, 1767, 942, 2374, 964, 464, 1726, 696, 1752, 2024, 650, 1513, 2391, 409, 1600, 1934, 1435, 530, 761, 1211, 751, 800, 591, 310, 45, 1788, 409, 339, 535, 1883, 2237, 115, 1090, 623, 265, 414, 2511, 359, 2458, 1274, 295, 389, 359, 723, 422, 2080, 1553, 1996, 2105, 1263, 623, 1888, 206, 45, 245, 2709, 1351, 2025, 275, 21, 551, 2102, 524, 1478, 491, 549, 454, 371, 1668, 2126, 2205, 2342, 371, 359, 1941 },
			{ 488, 2017, 1637, 1637, 975, 1771, 0, 1329, 1563, 2112, 1216, 1173, 1817, 1585, 879, 1745, 761, 1800, 1419, 1640, 1907, 518, 1543, 959, 956, 1992, 263, 1034, 1661, 728, 1096, 1093, 1398, 2502, 1018, 2492, 2536, 1737, 1613, 1756, 701, 1413, 1771, 2225, 396, 1061, 1886, 1253, 2092, 1660, 1378, 816, 2107, 1556, 758, 1862, 2028, 2121, 1295, 1394, 787, 436, 1411, 857, 1335, 2279, 1254, 1582, 1737, 1865, 3354, 1064, 1348, 1599, 1763, 1561, 358, 1317, 1397, 2216, 2111, 2226, 2006, 131, 1143, 865, 810, 1967, 1588, 915 },
			{ 842, 1179, 887, 444, 1620, 530, 1329, 0, 501, 894, 1793, 302, 700, 1880, 2001, 733, 1238, 707, 1850, 635, 584, 1210, 369, 1223, 1493, 1065, 1087, 1863, 704, 1071, 1407, 917, 96, 1184, 685, 1278, 1328, 465, 288, 497, 1261, 123, 442, 900, 1382, 1706, 638, 599, 1088, 591, 375, 2017, 889, 1940, 749, 759, 702, 830, 225, 426, 1554, 1050, 1490, 1577, 787, 1147, 1373, 428, 515, 729, 2542, 1226, 1512, 285, 514, 747, 1632, 476, 1004, 1022, 1042, 962, 878, 1211, 1597, 1678, 1827, 861, 260, 1411 },
			{ 1095, 678, 426, 164, 2053, 287, 1563, 501, 0, 557, 2246, 794, 255, 2368, 2347, 235, 1666, 1100, 2324, 1081, 708, 1588, 797, 1684, 1936, 565, 1300, 2276, 205, 1498, 1876, 1405, 552, 1034, 1164, 930, 973, 766, 441, 304, 1677, 391, 555, 822, 1721, 2145, 377, 1100, 603, 104, 190, 2335, 552, 2421, 1167, 305, 672, 631, 726, 169, 1961, 1399, 1984, 1994, 1289, 725, 1860, 112, 241, 302, 2918, 1064, 2000, 390, 294, 295, 1906, 256, 1506, 653, 580, 692, 447, 1470, 2058, 2085, 2196, 414, 476, 1854 },
			{ 1636, 695, 750, 481, 2515, 365, 2112, 894, 557, 0, 2685, 1188, 322, 2742, 2868, 454, 2132, 1196, 2730, 1256, 652, 2089, 1013, 2114, 2388, 543, 1851, 2756, 543, 1965, 2293, 1790, 887, 550, 1571, 387, 436, 858, 649, 397, 2153, 774, 606, 471, 2242, 2601, 257, 1436, 443, 471, 734, 2867, 5, 2811, 1639, 304, 467, 234, 1078, 724, 2445, 1913, 2342, 2470, 1600, 298, 2240, 531, 387, 272, 2846, 1566, 2375, 626, 380, 701, 2450, 813, 1812, 132, 329, 165, 205, 2014, 2487, 2570, 2705, 252, 697, 2305 },
			{ 1335, 2873, 2507, 2232, 242, 2323, 1216, 1793, 2246, 2685, 0, 1497, 2480, 436, 773, 2478, 596, 1792, 232, 1632, 2199, 771, 1745, 570, 317, 2794, 1332, 326, 2420, 757, 404, 915, 1799, 2868, 1114, 3063, 3114, 1959, 2043, 2287, 609, 1916, 2138, 2576, 819, 156, 2427, 1288, 2849, 2348, 2064, 924, 2679, 363, 1083, 2538, 2393, 2587, 1610, 2105, 429, 971, 571, 358, 1184, 2939, 542, 2204, 2309, 2515, 2672, 2203, 479, 2061, 2306, 2388, 1050, 2079, 1041, 2814, 2822, 2734, 2666, 1164, 205, 379, 599, 2644, 1998, 396 },
			{ 715, 1467, 1151, 747, 1332, 827, 1173, 302, 794, 1188, 1497, 0, 1002, 1578, 1756, 1029, 957, 657, 1549, 523, 770, 961, 370, 926, 1202, 1360, 963, 1583, 992, 794, 1107, 615, 303, 1422, 384, 1567, 1617, 570, 550, 790, 987, 425, 667, 1129, 1153, 1416, 930, 320, 1388, 889, 642, 1787, 1182, 1637, 491, 1061, 934, 1100, 130, 692, 1281, 828, 1190, 1298, 514, 1447, 1071, 729, 815, 1031, 2422, 1324, 1210, 564, 809, 1013, 1438, 713, 725, 1317, 1345, 1242, 1180, 1046, 1299, 1404, 1571, 1164, 507, 1120 },
			{ 1351, 551, 462, 257, 2294, 244, 1817, 700, 255, 322, 2480, 1002, 0, 2581, 2601, 150, 1907, 1185, 2548, 1201, 701, 1838, 926, 1914, 2173, 406, 1554, 2522, 228, 1739, 2102, 1617, 725, 848, 1383, 678, 720, 835, 538, 288, 1921, 578, 584, 690, 1975, 2384, 246, 1290, 393, 157, 445, 2590, 319, 2640, 1408, 58, 591, 461, 915, 423, 2208, 1652, 2190, 2239, 1471, 471, 2073, 276, 222, 50, 2949, 1247, 2212, 495, 264, 388, 2162, 503, 1688, 402, 342, 476, 192, 1725, 2289, 2332, 2448, 164, 585, 2091 },
			{ 1605, 3028, 2682, 2324, 634, 2393, 1585, 1880, 2368, 2742, 436, 1578, 2581, 0, 1207, 2603, 863, 1708, 206, 1569, 2186, 1090, 1745, 731, 629, 2931, 1656, 758, 2558, 986, 537, 963, 1863, 2842, 1204, 3103, 3154, 1942, 2092, 2353, 905, 2002, 2156, 2559, 1195, 575, 2487, 1305, 2966, 2465, 2200, 1360, 2736, 120, 1265, 2639, 2392, 2610, 1670, 2246, 826, 1265, 404, 754, 1151, 3016, 507, 2307, 2387, 2608, 2299, 2498, 368, 2119, 2374, 2552, 1465, 2239, 955, 2874, 2923, 2766, 2755, 1512, 441, 805, 1036, 2741, 2044, 676 },
			{ 1261, 2869, 2487, 2387, 654, 2508, 879, 2001, 2347, 2868, 773, 1756, 2601, 1207, 0, 2554, 857, 2248, 1000, 2077, 2525, 794, 2092, 1012, 764, 2829, 1114, 448, 2477, 988, 985, 1350, 2043, 3176, 1439, 3255, 3303, 2309, 2286, 2482, 802, 2110, 2420, 2884, 626, 661, 2622, 1676, 2916, 2450, 2156, 161, 2863, 1118, 1264, 2652, 2687, 2831, 1885, 2182, 549, 954, 1280, 582, 1654, 3072, 1184, 2342, 2481, 2645, 3410, 1937, 1187, 2286, 2495, 2397, 541, 2122, 1594, 2985, 2920, 2957, 2794, 918, 867, 469, 212, 2760, 2250, 807 },
			{ 1294, 455, 311, 324, 2282, 366, 1745, 733, 235, 454, 2478, 1029, 150, 2603, 2554, 0, 1894, 1286, 2559, 1285, 830, 1807, 1004, 1917, 2166, 331, 1482, 2500, 92, 1727, 2110, 1640, 776, 993, 1399, 779, 816, 939, 625, 405, 1903, 618, 699, 840, 1930, 2374, 392, 1332, 371, 142, 413, 2534, 452, 2656, 1397, 150, 736, 611, 957, 377, 2184, 1614, 2219, 2220, 1519, 536, 2095, 311, 332, 192, 3074, 1112, 2235, 577, 384, 246, 2096, 431, 1736, 511, 366, 615, 280, 1661, 2292, 2308, 2409, 232, 668, 2084 },
			{ 751, 2281, 1912, 1666, 387, 1767, 761, 1238, 1666, 2132, 596, 957, 1907, 863, 857, 1894, 0, 1393, 736, 1222, 1707, 243, 1261, 206, 279, 2206, 795, 625, 1833, 168, 340, 494, 1259, 2372, 600, 2516, 2566, 1480, 1507, 1735, 69, 1358, 1622, 2078, 425, 479, 1877, 826, 2266, 1769, 1481, 935, 2127, 863, 499, 1963, 1886, 2057, 1082, 1519, 329, 401, 649, 340, 798, 2372, 493, 1633, 1749, 1944, 2674, 1638, 588, 1517, 1752, 1795, 769, 1487, 759, 2258, 2245, 2197, 2096, 667, 442, 449, 651, 2071, 1465, 202 },
			{ 1366, 1734, 1525, 963, 1701, 942, 1800, 707, 1100, 1196, 1792, 657, 1185, 1708, 2248, 1286, 1393, 0, 1758, 171, 548, 1487, 339, 1272, 1563, 1592, 1611, 1976, 1296, 1264, 1391, 909, 614, 1149, 823, 1492, 1541, 350, 662, 897, 1446, 753, 607, 884, 1704, 1763, 986, 577, 1561, 1152, 1047, 2312, 1191, 1802, 1056, 1237, 754, 1001, 570, 1096, 1717, 1409, 1309, 1709, 612, 1494, 1262, 992, 963, 1186, 1838, 1928, 1372, 712, 921, 1390, 2025, 1167, 762, 1323, 1475, 1160, 1296, 1670, 1588, 1827, 2044, 1306, 624, 1492 },
			{ 1487, 2971, 2614, 2295, 449, 2374, 1419, 1850, 2324, 2730, 232, 1549, 2548, 206, 1000, 2559, 736, 1758, 0, 1608, 2205, 944, 1756, 646, 473, 2882, 1512, 551, 2507, 879, 449, 939, 1844, 2870, 1165, 3100, 3152, 1962, 2082, 2336, 767, 1973, 2161, 2582, 1024, 379, 2474, 1303, 2927, 2424, 2149, 1153, 2725, 137, 1185, 2606, 2406, 2614, 1652, 2193, 643, 1133, 461, 570, 1170, 2996, 501, 2272, 2364, 2579, 2485, 2372, 387, 2104, 2356, 2489, 1275, 2177, 996, 2862, 2891, 2766, 2728, 1356, 293, 608, 831, 2711, 2035, 536 },
			{ 1217, 1739, 1499, 961, 1535, 964, 1640, 635, 1081, 1256, 1632, 523, 1201, 1569, 2077, 1285, 1222, 171, 1608, 0, 633, 1317, 283, 1104, 1396, 1604, 1458, 1808, 1283, 1093, 1230, 740, 551, 1273, 653, 1578, 1629, 399, 663, 920, 1275, 706, 650, 995, 1534, 1598, 1026, 406, 1588, 1146, 1000, 2141, 1250, 1659, 890, 1256, 843, 1081, 458, 1050, 1547, 1243, 1167, 1540, 448, 1552, 1109, 979, 979, 1209, 1916, 1829, 1224, 709, 943, 1360, 1857, 1110, 615, 1387, 1511, 1241, 1332, 1509, 1427, 1658, 1873, 1336, 617, 1324 },
			{ 1423, 1248, 1117, 545, 2065, 464, 1907, 584, 708, 652, 2199, 770, 701, 2186, 2525, 830, 1707, 548, 2205, 633, 0, 1731, 453, 1639, 1929, 1098, 1670, 2328, 868, 1551, 1795, 1283, 508, 669, 1108, 947, 997, 243, 328, 426, 1745, 529, 164, 377, 1923, 2141, 469, 910, 1045, 720, 746, 2558, 647, 2268, 1261, 744, 210, 453, 640, 780, 2036, 1596, 1781, 2045, 1037, 950, 1704, 598, 500, 689, 2247, 1718, 1829, 366, 446, 998, 2197, 878, 1232, 776, 949, 612, 774, 1786, 1994, 2157, 2337, 793, 333, 1850 },
			{ 573, 2165, 1788, 1611, 533, 1726, 518, 1210, 1588, 2089, 771, 961, 1838, 1090, 794, 1807, 243, 1487, 944, 1317, 1731, 0, 1304, 442, 470, 2104, 568, 700, 1738, 245, 580, 645, 1249, 2381, 664, 2476, 2525, 1519, 1493, 1698, 186, 1322, 1626, 2089, 222, 629, 1839, 910, 2177, 1692, 1398, 832, 2084, 1077, 469, 1892, 1893, 2041, 1091, 1430, 387, 205, 892, 438, 931, 2309, 735, 1570, 1702, 1879, 2883, 1432, 831, 1496, 1712, 1680, 568, 1384, 939, 2210, 2168, 2171, 2030, 426, 654, 506, 616, 2001, 1456, 414 },
			{ 1082, 1459, 1215, 681, 1613, 696, 1543, 369, 797, 1013, 1745, 370, 926, 1745, 2092, 1004, 1261, 339, 1756, 283, 453, 1304, 0, 1185, 1476, 1327, 1331, 1877, 1000, 1109, 1341, 829, 277, 1123, 660, 1359, 1411, 218, 388, 652, 1302, 425, 412, 831, 1507, 1687, 769, 457, 1317, 864, 720, 2136, 1007, 1823, 840, 982, 650, 865, 255, 770, 1591, 1189, 1342, 1597, 594, 1302, 1256, 697, 706, 938, 2173, 1590, 1384, 431, 675, 1077, 1803, 835, 801, 1145, 1246, 1021, 1067, 1416, 1540, 1710, 1899, 1067, 340, 1398 },
			{ 880, 2325, 1968, 1664, 431, 1752, 959, 1223, 1684, 2114, 570, 926, 1914, 731, 1012, 1917, 206, 1272, 646, 1104, 1639, 442, 1185, 0, 293, 2239, 964, 704, 1864, 262, 198, 364, 1228, 2308, 544, 2492, 2543, 1402, 1472, 1717, 275, 1346, 1570, 2015, 632, 502, 1857, 731, 2287, 1785, 1506, 1107, 2108, 756, 539, 1972, 1828, 2018, 1040, 1549, 463, 566, 458, 442, 661, 2369, 297, 1638, 1739, 1947, 2471, 1776, 410, 1490, 1735, 1843, 975, 1531, 582, 2243, 2256, 2164, 2098, 857, 375, 561, 800, 2078, 1427, 220 },
			{ 1023, 2558, 2190, 1928, 138, 2024, 956, 1493, 1936, 2388, 317, 1202, 2173, 629, 764, 2166, 279, 1563, 473, 1396, 1929, 470, 1476, 293, 0, 2481, 1038, 412, 2107, 441, 221, 657, 1506, 2598, 826, 2769, 2819, 1694, 1752, 1990, 297, 1615, 1856, 2304, 568, 213, 2131, 1024, 2538, 2039, 1752, 882, 2382, 607, 769, 2230, 2116, 2300, 1321, 1792, 237, 662, 536, 183, 951, 2635, 421, 1898, 2008, 2209, 2655, 1900, 449, 1767, 2007, 2072, 863, 1763, 850, 2515, 2513, 2444, 2360, 885, 187, 295, 553, 2338, 1708, 82 },
			{ 1568, 154, 368, 646, 2593, 650, 1992, 1065, 565, 543, 2794, 1360, 406, 2931, 2829, 331, 2206, 1592, 2882, 1604, 1098, 2104, 1327, 2239, 2481, 0, 1733, 2802, 375, 2040, 2433, 1969, 1106, 1077, 1727, 708, 727, 1241, 941, 694, 2210, 950, 989, 1009, 2212, 2686, 629, 1664, 140, 474, 733, 2797, 545, 2982, 1711, 356, 960, 767, 1288, 690, 2486, 1906, 2549, 2526, 1851, 423, 2424, 641, 628, 409, 3342, 1208, 2564, 896, 671, 432, 2349, 720, 2068, 514, 242, 700, 347, 1920, 2612, 2609, 2695, 313, 987, 2399 },
			{ 250, 1762, 1381, 1377, 1090, 1513, 263, 1087, 1300, 1851, 1332, 963, 1554, 1656, 1114, 1482, 795, 1611, 1512, 1458, 1670, 568, 1331, 964, 1038, 1733, 0, 1203, 1398, 706, 1133, 1007, 1163, 2250, 879, 2230, 2274, 1514, 1368, 1499, 750, 1165, 1529, 1977, 547, 1183, 1628, 1094, 1830, 1397, 1117, 1067, 1846, 1645, 619, 1599, 1782, 1866, 1077, 1131, 918, 398, 1422, 982, 1206, 2016, 1260, 1322, 1478, 1602, 3247, 876, 1373, 1351, 1506, 1301, 616, 1054, 1305, 1954, 1848, 1967, 1743, 197, 1222, 1018, 1016, 1704, 1346, 981 },
			{ 1267, 2865, 2489, 2286, 275, 2391, 1034, 1863, 2276, 2756, 326, 1583, 2522, 758, 448, 2500, 625, 1976, 551, 1808, 2328, 700, 1877, 704, 412, 2802, 1203, 0, 2433, 791, 610, 1068, 1885, 2995, 1219, 3141, 3190, 2096, 2133, 2359, 602, 1981, 2246, 2701, 656, 237, 2501, 1430, 2871, 2380, 2088, 602, 2750, 672, 1117, 2577, 2510, 2683, 1707, 2122, 315, 904, 863, 285, 1363, 2990, 795, 2250, 2371, 2561, 2986, 2078, 769, 2143, 2375, 2380, 798, 2081, 1259, 2881, 2857, 2823, 2712, 1015, 450, 194, 293, 2686, 2091, 484 },
			{ 1215, 476, 250, 335, 2220, 409, 1661, 704, 205, 543, 2420, 992, 228, 2558, 2477, 92, 1833, 1296, 2507, 1283, 868, 1738, 1000, 1864, 2107, 375, 1398, 2433, 0, 1666, 2058, 1597, 757, 1076, 1354, 871, 908, 955, 633, 442, 1839, 596, 727, 910, 1855, 2313, 455, 1302, 440, 148, 358, 2454, 541, 2607, 1337, 240, 792, 687, 929, 315, 2117, 1542, 2179, 2155, 1492, 625, 2051, 304, 369, 275, 3101, 1022, 2191, 583, 424, 160, 2013, 355, 1708, 603, 449, 702, 372, 1579, 2237, 2240, 2336, 324, 672, 2025 },
			{ 620, 2116, 1750, 1498, 555, 1600, 728, 1071, 1498, 1965, 757, 794, 1739, 986, 988, 1727, 168, 1264, 879, 1093, 1551, 245, 1109, 262, 441, 2040, 706, 791, 1666, 0, 449, 399, 1095, 2213, 451, 2349, 2399, 1328, 1342, 1568, 193, 1190, 1461, 1919, 467, 647, 1709, 689, 2099, 1601, 1313, 1048, 1959, 999, 330, 1795, 1726, 1893, 920, 1351, 487, 310, 716, 505, 690, 2204, 554, 1464, 1581, 1776, 2643, 1515, 673, 1352, 1584, 1631, 814, 1322, 694, 2090, 2077, 2032, 1928, 615, 589, 609, 790, 1903, 1301, 361 },
			{ 1069, 2521, 2165, 1850, 341, 1934, 1096, 1407, 1876, 2293, 404, 1107, 2102, 537, 985, 2110, 340, 1391, 449, 1230, 1795, 580, 1341, 198, 221, 2433, 1133, 610, 2058, 449, 0, 512, 1406, 2464, 723, 2668, 2719, 1554, 1648, 1897, 394, 1530, 1737, 2172, 732, 379, 2036, 884, 2479, 1977, 1700, 1103, 2288, 558, 738, 2160, 1990, 2188, 1215, 1743, 454, 737, 329, 405, 781, 2554, 200, 1826, 1922, 2134, 2435, 1963, 254, 1668, 1916, 2040, 1054, 1727, 652, 2424, 2445, 2337, 2284, 1007, 199, 515, 775, 2266, 1602, 202 },
			{ 839, 2070, 1734, 1361, 796, 1435, 1093, 917, 1405, 1790, 915, 615, 1617, 963, 1350, 1640, 494, 909, 939, 740, 1283, 645, 829, 364, 657, 1969, 1007, 1068, 1597, 399, 512, 0, 905, 1953, 245, 2161, 2212, 1043, 1142, 1397, 555, 1039, 1225, 1660, 867, 864, 1534, 372, 2002, 1502, 1241, 1429, 1785, 1023, 411, 1676, 1478, 1678, 712, 1288, 810, 657, 582, 800, 303, 2058, 456, 1344, 1427, 1646, 2261, 1696, 595, 1165, 1417, 1600, 1213, 1289, 303, 1922, 1960, 1828, 1794, 969, 711, 918, 1142, 1779, 1095, 583 },
			{ 915, 1228, 955, 468, 1636, 530, 1398, 96, 552, 887, 1799, 303, 725, 1863, 2043, 776, 1259, 614, 1844, 551, 508, 1249, 277, 1228, 1506, 1106, 1163, 1885, 757, 1095, 1406, 905, 0, 1133, 684, 1264, 1314, 371, 247, 491, 1287, 161, 380, 844, 1430, 1719, 630, 565, 1118, 633, 449, 2066, 881, 1928, 782, 784, 646, 798, 193, 500, 1581, 1099, 1468, 1599, 746, 1153, 1358, 464, 523, 748, 2451, 1323, 1495, 261, 511, 815, 1693, 559, 964, 1017, 1063, 939, 892, 1278, 1600, 1704, 1863, 881, 207, 1424 },
			{ 2014, 1221, 1297, 903, 2734, 761, 2502, 1184, 1034, 550, 2868, 1422, 848, 2842, 3176, 993, 2372, 1149, 2870, 1273, 669, 2381, 1123, 2308, 2598, 1077, 2250, 2995, 1076, 2213, 2464, 1953, 1133, 0, 1775, 505, 536, 910, 895, 763, 2407, 1089, 755, 294, 2563, 2810, 658, 1580, 956, 975, 1175, 3199, 551, 2929, 1912, 845, 488, 403, 1294, 1183, 2700, 2232, 2438, 2712, 1700, 707, 2369, 967, 804, 802, 2497, 2089, 2491, 904, 762, 1237, 2816, 1283, 1886, 565, 841, 385, 754, 2390, 2664, 2822, 2993, 803, 928, 2519 },
			{ 672, 1826, 1488, 1129, 960, 1211, 1018, 685, 1164, 1571, 1114, 384, 1383, 1204, 1439, 1399, 600, 823, 1165, 653, 1108, 664, 660, 544, 826, 1727, 879, 1219, 1354, 451, 723, 245, 684, 1775, 0, 1948, 1999, 879, 928, 1174, 642, 808, 1030, 1481, 881, 1040, 1314, 247, 1764, 1262, 997, 1493, 1565, 1257, 262, 1441, 1291, 1474, 496, 1043, 930, 598, 828, 937, 327, 1831, 696, 1107, 1199, 1413, 2369, 1484, 837, 946, 1194, 1355, 1207, 1043, 462, 1701, 1725, 1620, 1563, 887, 915, 1049, 1241, 1545, 883, 745 },
			{ 2019, 824, 1024, 868, 2897, 751, 2492, 1278, 930, 387, 3063, 1567, 678, 3103, 3255, 779, 2516, 1492, 3100, 1578, 947, 2476, 1359, 2492, 2769, 708, 2230, 3141, 871, 2349, 2668, 2161, 1264, 505, 1948, 0, 51, 1180, 1020, 781, 2539, 1159, 947, 634, 2629, 2982, 639, 1800, 569, 835, 1114, 3253, 393, 3176, 2025, 640, 738, 497, 1453, 1099, 2831, 2301, 2700, 2855, 1954, 284, 2606, 916, 775, 629, 2992, 1874, 2738, 1002, 765, 1015, 2833, 1181, 2160, 276, 473, 338, 499, 2396, 2863, 2955, 3092, 546, 1066, 2687 },
			{ 2065, 836, 1052, 915, 2947, 800, 2536, 1328, 973, 436, 3114, 1617, 720, 3154, 3303, 816, 2566, 1541, 3152, 1629, 997, 2525, 1411, 2543, 2819, 727, 2274, 3190, 908, 2399, 2719, 2212, 1314, 536, 1999, 51, 0, 1231, 1071, 831, 2588, 1208, 998, 680, 2677, 3033, 689, 1851, 587, 877, 1158, 3300, 441, 3228, 2074, 681, 788, 548, 1503, 1142, 2881, 2349, 2751, 2905, 2005, 305, 2657, 962, 823, 672, 3030, 1904, 2790, 1053, 815, 1049, 2878, 1223, 2212, 320, 498, 389, 538, 2441, 2914, 3005, 3141, 583, 1117, 2737 },
			{ 1263, 1384, 1191, 620, 1830, 591, 1737, 465, 766, 858, 1959, 570, 835, 1942, 2309, 939, 1480, 350, 1962, 399, 243, 1519, 218, 1402, 1694, 1241, 1514, 2096, 955, 1328, 1554, 1043, 371, 910, 879, 1180, 1231, 0, 325, 547, 1521, 464, 258, 620, 1719, 1904, 637, 671, 1210, 809, 742, 2350, 853, 2024, 1053, 886, 450, 683, 443, 786, 1809, 1397, 1538, 1815, 793, 1155, 1461, 655, 614, 835, 2153, 1679, 1585, 376, 570, 1060, 2009, 870, 989, 988, 1126, 842, 947, 1612, 1754, 1929, 2117, 956, 294, 1615 },
			{ 1125, 1077, 867, 301, 1883, 310, 1613, 288, 441, 649, 2043, 550, 538, 2092, 2286, 625, 1507, 662, 2082, 663, 328, 1493, 388, 1472, 1752, 941, 1368, 2133, 633, 1342, 1648, 1142, 247, 895, 928, 1020, 1071, 325, 0, 266, 1535, 206, 167, 612, 1669, 1966, 395, 787, 929, 489, 431, 2305, 643, 2161, 1028, 594, 415, 550, 432, 471, 1828, 1338, 1693, 1847, 955, 927, 1591, 330, 318, 550, 2478, 1395, 1725, 51, 289, 735, 1921, 562, 1169, 782, 859, 692, 682, 1498, 1843, 1952, 2109, 680, 49, 1670 },
			{ 1271, 839, 692, 146, 2117, 45, 1756, 497, 304, 397, 2287, 790, 288, 2353, 2482, 405, 1735, 897, 2336, 920, 426, 1698, 652, 1717, 1990, 694, 1499, 2359, 442, 1568, 1897, 1397, 491, 763, 1174, 781, 831, 547, 266, 0, 1757, 377, 296, 525, 1859, 2203, 141, 1049, 668, 296, 413, 2488, 392, 2419, 1243, 339, 368, 367, 684, 426, 2050, 1528, 1955, 2074, 1220, 663, 1849, 211, 74, 290, 2668, 1363, 1985, 233, 24, 580, 2083, 529, 1436, 526, 594, 475, 415, 1650, 2090, 2174, 2315, 416, 315, 1907 },
			{ 726, 2281, 1909, 1683, 385, 1788, 701, 1261, 1677, 2153, 609, 987, 1921, 905, 802, 1903, 69, 1446, 767, 1275, 1745, 186, 1302, 275, 297, 2210, 750, 602, 1839, 193, 394, 555, 1287, 2407, 642, 2539, 2588, 1521, 1535, 1757, 0, 1380, 1654, 2113, 356, 481, 1899, 875, 2274, 1780, 1490, 874, 2148, 897, 514, 1976, 1920, 2086, 1114, 1526, 293, 366, 712, 318, 856, 2388, 558, 1648, 1768, 1959, 2743, 1605, 647, 1543, 1773, 1795, 700, 1490, 825, 2278, 2257, 2223, 2111, 613, 474, 417, 600, 2085, 1494, 231 },
			{ 925, 1069, 795, 321, 1741, 409, 1413, 123, 391, 774, 1916, 425, 578, 2002, 2110, 618, 1358, 753, 1973, 706, 529, 1322, 425, 1346, 1615, 950, 1165, 1981, 596, 1190, 1530, 1039, 161, 1089, 808, 1159, 1208, 464, 206, 377, 1380, 0, 372, 812, 1488, 1828, 519, 715, 968, 475, 295, 2121, 768, 2062, 866, 637, 617, 722, 339, 344, 1672, 1156, 1611, 1696, 901, 1023, 1495, 309, 393, 606, 2591, 1217, 1634, 185, 393, 655, 1727, 414, 1118, 900, 920, 848, 755, 1300, 1720, 1796, 1939, 739, 196, 1532 },
			{ 1284, 1135, 972, 395, 1990, 339, 1771, 442, 555, 606, 2138, 667, 584, 2156, 2420, 699, 1622, 607, 2161, 650, 164, 1626, 412, 1570, 1856, 989, 1529, 2246, 727, 1461, 1737, 1225, 380, 755, 1030, 947, 998, 258, 167, 296, 1654, 372, 0, 464, 1809, 2069, 379, 857, 953, 579, 583, 2445, 600, 2232, 1156, 633, 267, 454, 540, 617, 1948, 1479, 1753, 1962, 1006, 901, 1663, 443, 367, 581, 2375, 1554, 1794, 202, 319, 849, 2071, 714, 1214, 738, 868, 609, 689, 1653, 1935, 2070, 2238, 699, 182, 1776 },
			{ 1737, 1162, 1152, 672, 2440, 535, 2225, 900, 822, 471, 2576, 1129, 690, 2559, 2884, 840, 2078, 884, 2582, 995, 377, 2089, 831, 2015, 2304, 1009, 1977, 2701, 910, 1919, 2172, 1660, 844, 294, 1481, 634, 680, 620, 612, 525, 2113, 812, 464, 0, 2274, 2517, 456, 1288, 914, 784, 936, 2910, 468, 2643, 1620, 706, 198, 241, 1000, 952, 2406, 1944, 2155, 2417, 1412, 728, 2081, 736, 581, 653, 2391, 1886, 2205, 626, 531, 1066, 2533, 1054, 1604, 553, 800, 346, 662, 2110, 2372, 2527, 2700, 701, 641, 2225 },
			{ 645, 2260, 1879, 1761, 578, 1883, 396, 1382, 1721, 2242, 819, 1153, 1975, 1195, 626, 1930, 425, 1704, 1024, 1534, 1923, 222, 1507, 632, 568, 2212, 547, 656, 1855, 467, 732, 867, 1430, 2563, 881, 2629, 2677, 1719, 1669, 1859, 356, 1488, 1809, 2274, 0, 664, 1998, 1128, 2295, 1824, 1530, 635, 2237, 1161, 666, 2026, 2076, 2210, 1283, 1557, 390, 331, 1059, 460, 1153, 2447, 910, 1715, 1855, 2019, 3095, 1421, 987, 1667, 1871, 1782, 349, 1500, 1158, 2358, 2296, 2334, 2168, 358, 754, 476, 485, 2135, 1635, 538 },
			{ 1199, 2760, 2389, 2140, 96, 2237, 1061, 1706, 2145, 2601, 156, 1416, 2384, 575, 661, 2374, 479, 1763, 379, 1598, 2141, 629, 1687, 502, 213, 2686, 1183, 237, 2313, 647, 379, 864, 1719, 2810, 1040, 2982, 3033, 1904, 1966, 2203, 481, 1828, 2069, 2517, 664, 0, 2344, 1233, 2746, 2248, 1960, 803, 2595, 514, 977, 2441, 2329, 2514, 1535, 1998, 274, 832, 627, 203, 1150, 2847, 558, 2109, 2220, 2420, 2754, 2057, 533, 1980, 2220, 2274, 896, 1967, 1032, 2728, 2723, 2658, 2572, 1012, 213, 230, 470, 2548, 1922, 295 },
			{ 1404, 780, 701, 252, 2258, 115, 1886, 638, 377, 257, 2427, 930, 246, 2487, 2622, 392, 1877, 986, 2474, 1026, 469, 1839, 769, 1857, 2131, 629, 1628, 2501, 455, 1709, 2036, 1534, 630, 658, 1314, 639, 689, 637, 395, 141, 1899, 519, 379, 456, 1998, 2344, 0, 1182, 578, 328, 523, 2626, 251, 2555, 1385, 279, 344, 254, 821, 526, 2191, 1667, 2088, 2215, 1349, 533, 1985, 313, 150, 223, 2713, 1438, 2120, 369, 126, 610, 2217, 626, 1563, 388, 489, 339, 310, 1783, 2230, 2316, 2455, 324, 444, 2048 },
			{ 868, 1778, 1471, 1032, 1161, 1090, 1253, 599, 1100, 1436, 1288, 320, 1290, 1305, 1676, 1332, 826, 577, 1303, 406, 910, 910, 457, 731, 1024, 1664, 1094, 1430, 1302, 689, 884, 372, 565, 1580, 247, 1800, 1851, 671, 787, 1049, 875, 715, 857, 1288, 1128, 1233, 1182, 0, 1682, 1190, 959, 1736, 1430, 1376, 495, 1349, 1106, 1311, 376, 1010, 1154, 842, 906, 1154, 193, 1713, 806, 1025, 1087, 1313, 2177, 1603, 939, 815, 1071, 1332, 1454, 1034, 406, 1569, 1629, 1464, 1457, 1122, 1083, 1269, 1475, 1447, 738, 947 },
			{ 1654, 265, 492, 650, 2654, 623, 2092, 1088, 603, 443, 2849, 1388, 393, 2966, 2916, 371, 2266, 1561, 2927, 1588, 1045, 2177, 1317, 2287, 2538, 140, 1830, 2871, 440, 2099, 2479, 2002, 1118, 956, 1764, 569, 587, 1210, 929, 668, 2274, 968, 953, 914, 2295, 2746, 578, 1682, 0, 502, 785, 2890, 445, 3022, 1768, 335, 888, 675, 1306, 748, 2555, 1982, 2578, 2591, 1864, 284, 2458, 659, 611, 379, 3276, 1341, 2598, 887, 644, 533, 2446, 795, 2082, 391, 116, 588, 271, 2014, 2662, 2678, 2776, 254, 976, 2456 },
			{ 1196, 597, 396, 189, 2157, 265, 1660, 591, 104, 471, 2348, 889, 157, 2465, 2450, 142, 1769, 1152, 2424, 1146, 720, 1692, 864, 1785, 2039, 474, 1397, 2380, 148, 1601, 1977, 1502, 633, 975, 1262, 835, 877, 809, 489, 296, 1780, 475, 579, 784, 1824, 2248, 328, 1190, 502, 0, 294, 2436, 468, 2520, 1270, 202, 654, 575, 814, 268, 2065, 1503, 2080, 2098, 1377, 623, 1957, 169, 223, 206, 2953, 1114, 2097, 440, 279, 286, 2006, 346, 1594, 559, 476, 617, 346, 1569, 2160, 2189, 2299, 310, 531, 1957 },
			{ 907, 829, 513, 272, 1868, 414, 1378, 375, 190, 734, 2064, 642, 445, 2200, 2156, 413, 1481, 1047, 2149, 1000, 746, 1398, 720, 1506, 1752, 733, 1117, 2088, 358, 1313, 1700, 1241, 449, 1175, 997, 1114, 1158, 742, 431, 413, 1490, 295, 583, 936, 1530, 1960, 523, 959, 785, 294, 0, 2145, 729, 2249, 983, 496, 763, 774, 596, 51, 1772, 1209, 1823, 1807, 1151, 916, 1694, 210, 373, 490, 2884, 973, 1834, 384, 413, 374, 1719, 131, 1366, 838, 769, 856, 637, 1283, 1880, 1896, 2005, 604, 449, 1671 },
			{ 1240, 2829, 2448, 2386, 784, 2511, 816, 2017, 2335, 2867, 924, 1787, 2590, 1360, 161, 2534, 935, 2312, 1153, 2141, 2558, 832, 2136, 1107, 882, 2797, 1067, 602, 2454, 1048, 1103, 1429, 2066, 3199, 1493, 3253, 3300, 2350, 2305, 2488, 874, 2121, 2445, 2910, 635, 803, 2626, 1736, 2890, 2436, 2145, 0, 2862, 1274, 1297, 2639, 2712, 2843, 1918, 2168, 653, 966, 1410, 698, 1731, 3060, 1304, 2337, 2482, 2636, 3537, 1854, 1318, 2301, 2500, 2365, 460, 2102, 1687, 2980, 2901, 2964, 2782, 877, 1003, 595, 334, 2747, 2271, 915 },
			{ 1631, 696, 748, 475, 2509, 359, 2107, 889, 552, 5, 2679, 1182, 319, 2736, 2863, 452, 2127, 1191, 2725, 1250, 647, 2084, 1007, 2108, 2382, 545, 1846, 2750, 541, 1959, 2288, 1785, 881, 551, 1565, 393, 441, 853, 643, 392, 2148, 768, 600, 468, 2237, 2595, 251, 1430, 445, 468, 729, 2862, 0, 2805, 1633, 301, 463, 231, 1072, 719, 2440, 1908, 2336, 2465, 1594, 303, 2234, 526, 382, 269, 2842, 1563, 2369, 620, 374, 699, 2445, 809, 1806, 138, 332, 166, 205, 2009, 2481, 2564, 2699, 252, 692, 2300 },
			{ 1613, 3074, 2722, 2384, 586, 2458, 1556, 1940, 2421, 2811, 363, 1637, 2640, 120, 1118, 2656, 863, 1802, 137, 1659, 2268, 1077, 1823, 756, 607, 2982, 1645, 672, 2607, 999, 558, 1023, 1928, 2929, 1257, 3176, 3228, 2024, 2161, 2419, 897, 2062, 2232, 2643, 1161, 514, 2555, 1376, 3022, 2520, 2249, 1274, 2805, 0, 1296, 2698, 2472, 2687, 1735, 2294, 780, 1262, 492, 707, 1231, 3081, 570, 2365, 2450, 2669, 2417, 2501, 439, 2186, 2440, 2595, 1411, 2282, 1043, 2943, 2982, 2841, 2817, 1492, 423, 743, 958, 2801, 2114, 665 },
			{ 428, 1791, 1430, 1169, 886, 1274, 758, 749, 1167, 1639, 1083, 491, 1408, 1265, 1264, 1397, 499, 1056, 1185, 890, 1261, 469, 840, 539, 769, 1711, 619, 1117, 1337, 330, 738, 411, 782, 1912, 262, 2025, 2074, 1053, 1028, 1243, 514, 866, 1156, 1620, 666, 977, 1385, 495, 1768, 1270, 983, 1297, 1633, 1296, 0, 1464, 1423, 1577, 621, 1022, 806, 354, 935, 832, 587, 1874, 782, 1134, 1253, 1446, 2627, 1290, 918, 1033, 1259, 1307, 971, 996, 694, 1763, 1746, 1712, 1597, 627, 904, 930, 1081, 1572, 989, 688 },
			{ 1399, 504, 454, 316, 2350, 295, 1862, 759, 305, 304, 2538, 1061, 58, 2639, 2652, 150, 1963, 1237, 2606, 1256, 744, 1892, 982, 1972, 2230, 356, 1599, 2577, 240, 1795, 2160, 1676, 784, 845, 1441, 640, 681, 886, 594, 339, 1976, 637, 633, 706, 2026, 2441, 279, 1349, 335, 202, 496, 2639, 301, 2698, 1464, 0, 622, 470, 974, 471, 2262, 1704, 2249, 2294, 1530, 420, 2132, 334, 277, 56, 2991, 1262, 2271, 552, 315, 397, 2208, 545, 1747, 367, 284, 465, 144, 1772, 2347, 2387, 2501, 108, 642, 2148 },
			{ 1540, 1114, 1042, 512, 2251, 389, 2028, 702, 672, 467, 2393, 934, 591, 2392, 2687, 736, 1886, 754, 2406, 843, 210, 1893, 650, 1828, 2116, 960, 1782, 2510, 792, 1726, 1990, 1478, 646, 488, 1291, 738, 788, 450, 415, 368, 1920, 617, 267, 198, 2076, 2329, 344, 1106, 888, 654, 763, 2712, 463, 2472, 1423, 622, 0, 250, 805, 784, 2213, 1745, 1987, 2226, 1241, 760, 1906, 575, 434, 566, 2387, 1728, 2033, 431, 379, 940, 2335, 887, 1439, 583, 783, 406, 619, 1913, 2189, 2335, 2505, 648, 443, 2036 },
			{ 1635, 921, 922, 501, 2432, 359, 2121, 830, 631, 234, 2587, 1100, 461, 2610, 2831, 611, 2057, 1001, 2614, 1081, 453, 2041, 865, 2018, 2300, 767, 1866, 2683, 687, 1893, 2188, 1678, 798, 403, 1474, 497, 548, 683, 550, 367, 2086, 722, 454, 241, 2210, 2514, 254, 1311, 675, 575, 774, 2843, 231, 2687, 1577, 470, 250, 0, 979, 780, 2379, 1878, 2207, 2398, 1459, 515, 2117, 564, 401, 420, 2612, 1689, 2248, 544, 363, 846, 2445, 880, 1665, 336, 563, 159, 420, 2014, 2385, 2503, 2657, 459, 592, 2219 },
			{ 828, 1405, 1110, 657, 1453, 723, 1295, 225, 726, 1078, 1610, 130, 915, 1670, 1885, 957, 1082, 570, 1652, 458, 640, 1091, 255, 1040, 1321, 1288, 1077, 1707, 929, 920, 1215, 712, 193, 1294, 496, 1453, 1503, 443, 432, 684, 1114, 339, 540, 1000, 1283, 1535, 821, 376, 1306, 814, 596, 1918, 1072, 1735, 621, 974, 805, 979, 0, 648, 1407, 958, 1276, 1422, 562, 1346, 1165, 648, 716, 939, 2374, 1370, 1302, 452, 704, 970, 1566, 687, 779, 1209, 1255, 1124, 1085, 1169, 1410, 1530, 1700, 1073, 387, 1240 },
			{ 928, 782, 462, 281, 1906, 422, 1394, 426, 169, 724, 2105, 692, 423, 2246, 2182, 377, 1519, 1096, 2193, 1050, 780, 1430, 770, 1549, 1792, 690, 1131, 2122, 315, 1351, 1743, 1288, 500, 1183, 1043, 1099, 1142, 786, 471, 426, 1526, 344, 617, 952, 1557, 1998, 526, 1010, 748, 268, 51, 2168, 719, 2294, 1022, 471, 784, 780, 648, 0, 1807, 1238, 1870, 1843, 1202, 891, 1740, 216, 379, 471, 2931, 945, 1880, 423, 423, 323, 1738, 102, 1416, 822, 739, 853, 614, 1301, 1921, 1930, 2034, 579, 492, 1710 },
			{ 958, 2550, 2175, 1973, 193, 2080, 787, 1554, 1961, 2445, 429, 1281, 2208, 826, 549, 2184, 329, 1717, 643, 1547, 2036, 387, 1591, 463, 237, 2486, 918, 315, 2117, 487, 454, 810, 1581, 2700, 930, 2831, 2881, 1809, 1828, 2050, 293, 1672, 1948, 2406, 390, 274, 2191, 1154, 2555, 2065, 1772, 653, 2440, 780, 806, 2262, 2213, 2379, 1407, 1807, 0, 593, 773, 72, 1113, 2677, 654, 1936, 2059, 2247, 2889, 1795, 686, 1837, 2065, 2065, 640, 1766, 1045, 2569, 2542, 2516, 2398, 742, 397, 124, 337, 2371, 1788, 261 },
			{ 367, 1963, 1585, 1433, 736, 1553, 436, 1050, 1399, 1913, 971, 828, 1652, 1265, 954, 1614, 401, 1409, 1133, 1243, 1596, 205, 1189, 566, 662, 1906, 398, 904, 1542, 310, 737, 657, 1099, 2232, 598, 2301, 2349, 1397, 1338, 1528, 366, 1156, 1479, 1944, 331, 832, 1667, 842, 1982, 1503, 1209, 966, 1908, 1262, 354, 1704, 1745, 1878, 958, 1238, 593, 0, 1024, 644, 905, 2124, 862, 1389, 1526, 1695, 2918, 1239, 975, 1335, 1540, 1480, 617, 1188, 961, 2031, 1977, 2003, 1845, 313, 840, 710, 796, 1813, 1304, 597 },
			{ 1322, 2652, 2316, 1932, 626, 1996, 1411, 1490, 1984, 2342, 571, 1190, 2190, 404, 1280, 2219, 649, 1309, 461, 1167, 1781, 892, 1342, 458, 536, 2549, 1422, 863, 2179, 716, 329, 582, 1468, 2438, 828, 2700, 2751, 1538, 1693, 1955, 712, 1611, 1753, 2155, 1059, 627, 2088, 906, 2578, 2080, 1823, 1410, 2336, 492, 935, 2249, 1987, 2207, 1276, 1870, 773, 1024, 0, 716, 747, 2619, 161, 1919, 1992, 2216, 2130, 2214, 94, 1721, 1977, 2183, 1383, 1872, 552, 2474, 2531, 2363, 2361, 1314, 414, 814, 1076, 2349, 1644, 530 },
			{ 1011, 2593, 2219, 2001, 120, 2105, 857, 1577, 1994, 2470, 358, 1298, 2239, 754, 582, 2220, 340, 1709, 570, 1540, 2045, 438, 1597, 442, 183, 2526, 982, 285, 2155, 505, 405, 800, 1599, 2712, 937, 2855, 2905, 1815, 1847, 2074, 318, 1696, 1962, 2417, 460, 203, 2215, 1154, 2591, 2098, 1807, 698, 2465, 707, 832, 2294, 2226, 2398, 1422, 1843, 72, 644, 716, 0, 1101, 2706, 605, 1966, 2085, 2277, 2839, 1858, 627, 1857, 2090, 2107, 711, 1805, 1019, 2595, 2575, 2537, 2429, 809, 329, 119, 371, 2403, 1805, 227 },
			{ 997, 1967, 1664, 1214, 1089, 1263, 1335, 787, 1289, 1600, 1184, 514, 1471, 1151, 1654, 1519, 798, 612, 1170, 448, 1037, 931, 594, 661, 951, 1851, 1206, 1363, 1492, 690, 781, 303, 746, 1700, 327, 1954, 2005, 793, 955, 1220, 856, 901, 1006, 1412, 1153, 1150, 1349, 193, 1864, 1377, 1151, 1731, 1594, 1231, 587, 1530, 1241, 1459, 562, 1202, 1113, 905, 747, 1101, 0, 1882, 669, 1210, 1263, 1492, 2042, 1777, 792, 987, 1243, 1525, 1494, 1227, 217, 1732, 1807, 1616, 1633, 1205, 979, 1220, 1446, 1625, 906, 881 },
			{ 1819, 543, 749, 707, 2758, 623, 2279, 1147, 725, 298, 2939, 1447, 471, 3016, 3072, 536, 2372, 1494, 2996, 1552, 950, 2309, 1302, 2369, 2635, 423, 2016, 2990, 625, 2204, 2554, 2058, 1153, 707, 1831, 284, 305, 1155, 927, 663, 2388, 1023, 901, 728, 2447, 2847, 533, 1713, 284, 623, 916, 3060, 303, 3081, 1874, 420, 760, 515, 1346, 891, 2677, 2124, 2619, 2706, 1882, 0, 2512, 740, 631, 429, 3119, 1602, 2648, 897, 642, 756, 2627, 961, 2097, 178, 193, 382, 279, 2191, 2744, 2801, 2920, 312, 976, 2553 },
			{ 1161, 2522, 2179, 1817, 534, 1888, 1254, 1373, 1860, 2240, 542, 1071, 2073, 507, 1184, 2095, 493, 1262, 501, 1109, 1704, 735, 1256, 297, 421, 2424, 1260, 795, 2051, 554, 200, 456, 1358, 2369, 696, 2606, 2657, 1461, 1591, 1849, 558, 1495, 1663, 2081, 910, 558, 1985, 806, 2458, 1957, 1694, 1304, 2234, 570, 782, 2132, 1906, 2117, 1165, 1740, 654, 862, 161, 605, 669, 2512, 0, 1800, 1881, 2101, 2234, 2055, 140, 1616, 1870, 2048, 1242, 1736, 503, 2372, 2416, 2271, 2249, 1154, 351, 714, 975, 2234, 1543, 398 },
			{ 1104, 766, 536, 64, 2019, 206, 1582, 428, 112, 531, 2204, 729, 276, 2307, 2342, 311, 1633, 992, 2272, 979, 598, 1570, 697, 1638, 1898, 641, 1322, 2250, 304, 1464, 1826, 1344, 464, 967, 1107, 916, 962, 655, 330, 211, 1648, 309, 443, 736, 1715, 2109, 313, 1025, 659, 169, 210, 2337, 526, 2365, 1134, 334, 575, 564, 648, 216, 1936, 1389, 1919, 1966, 1210, 740, 1800, 0, 163, 311, 2806, 1153, 1939, 280, 206, 407, 1919, 318, 1427, 643, 618, 647, 463, 1483, 2013, 2060, 2183, 440, 368, 1815 },
			{ 1255, 770, 619, 101, 2133, 45, 1737, 515, 241, 387, 2309, 815, 222, 2387, 2481, 332, 1749, 963, 2364, 979, 500, 1702, 706, 1739, 2008, 628, 1478, 2371, 369, 1581, 1922, 1427, 523, 804, 1199, 775, 823, 614, 318, 74, 1768, 393, 367, 581, 1855, 2220, 150, 1087, 611, 223, 373, 2482, 382, 2450, 1253, 277, 434, 401, 716, 379, 2059, 1526, 1992, 2085, 1263, 631, 1881, 163, 0, 231, 2741, 1305, 2019, 277, 55, 508, 2069, 480, 1479, 509, 544, 489, 369, 1635, 2113, 2184, 2317, 363, 366, 1925 },
			{ 1397, 559, 501, 284, 2331, 245, 1865, 729, 302, 272, 2515, 1031, 50, 2608, 2645, 192, 1944, 1186, 2579, 1209, 689, 1879, 938, 1947, 2209, 409, 1602, 2561, 275, 1776, 2134, 1646, 748, 802, 1413, 629, 672, 835, 550, 290, 1959, 606, 581, 653, 2019, 2420, 223, 1313, 379, 206, 490, 2636, 269, 2669, 1446, 56, 566, 420, 939, 471, 2247, 1695, 2216, 2277, 1492, 429, 2101, 311, 231, 0, 2935, 1296, 2240, 509, 266, 435, 2208, 552, 1709, 353, 315, 427, 151, 1772, 2322, 2371, 2490, 133, 597, 2127 },
			{ 3038, 3494, 3343, 2767, 2756, 2709, 3354, 2542, 2918, 2846, 2672, 2422, 2949, 2299, 3410, 3074, 2674, 1838, 2485, 1916, 2247, 2883, 2173, 2471, 2655, 3342, 3247, 2986, 3101, 2643, 2435, 2261, 2451, 2497, 2369, 2992, 3030, 2153, 2478, 2668, 2743, 2591, 2375, 2391, 3095, 2754, 2713, 2177, 3276, 2953, 2884, 3537, 2842, 2417, 2627, 2991, 2387, 2612, 2374, 2931, 2889, 2918, 2130, 2839, 2042, 3119, 2234, 2806, 2741, 2935, 0, 3743, 2223, 2529, 2690, 3213, 3443, 3005, 1957, 2943, 3170, 2738, 3006, 3229, 2543, 2943, 3204, 3032, 2446, 2631 },
			{ 895, 1165, 853, 1217, 1963, 1351, 1064, 1226, 1064, 1566, 2203, 1324, 1247, 2498, 1937, 1112, 1638, 1928, 2372, 1829, 1718, 1432, 1590, 1776, 1900, 1208, 876, 2078, 1022, 1515, 1963, 1696, 1323, 2089, 1484, 1874, 1904, 1679, 1395, 1363, 1605, 1217, 1554, 1886, 1421, 2057, 1438, 1603, 1341, 1114, 973, 1854, 1563, 2501, 1290, 1262, 1728, 1689, 1370, 945, 1795, 1239, 2214, 1858, 1777, 1602, 2055, 1153, 1305, 1296, 3743, 0, 2183, 1353, 1356, 866, 1398, 843, 1946, 1619, 1410, 1723, 1387, 1063, 2079, 1894, 1873, 1337, 1404, 1836 },
			{ 1288, 2663, 2320, 1956, 534, 2025, 1348, 1512, 2000, 2375, 479, 1210, 2212, 368, 1187, 2235, 588, 1372, 387, 1224, 1829, 831, 1384, 410, 449, 2564, 1373, 769, 2191, 673, 254, 595, 1495, 2491, 837, 2738, 2790, 1585, 1725, 1985, 647, 1634, 1794, 2205, 987, 533, 2120, 939, 2598, 2097, 1834, 1318, 2369, 439, 918, 2271, 2033, 2248, 1302, 1880, 686, 975, 94, 627, 792, 2648, 140, 1939, 2019, 2240, 2223, 2183, 0, 1752, 2006, 2189, 1304, 1876, 610, 2507, 2554, 2402, 2387, 1256, 320, 723, 984, 2373, 1677, 451 },
			{ 1111, 1030, 816, 252, 1896, 275, 1599, 285, 390, 626, 2061, 564, 495, 2119, 2286, 577, 1517, 712, 2104, 709, 366, 1496, 431, 1490, 1767, 896, 1351, 2143, 583, 1352, 1668, 1165, 261, 904, 946, 1002, 1053, 376, 51, 233, 1543, 185, 202, 626, 1667, 1980, 369, 815, 887, 440, 384, 2301, 620, 2186, 1033, 552, 431, 544, 452, 423, 1837, 1335, 1721, 1857, 987, 897, 1616, 280, 277, 509, 2529, 1353, 1752, 0, 255, 684, 1912, 516, 1203, 757, 821, 680, 645, 1486, 1862, 1960, 2112, 641, 91, 1685 },
			{ 1280, 815, 674, 141, 2134, 21, 1763, 514, 294, 380, 2306, 809, 264, 2374, 2495, 384, 1752, 921, 2356, 943, 446, 1712, 675, 1735, 2007, 671, 1506, 2375, 424, 1584, 1916, 1417, 511, 762, 1194, 765, 815, 570, 289, 24, 1773, 393, 319, 531, 1871, 2220, 126, 1071, 644, 279, 413, 2500, 374, 2440, 1259, 315, 379, 363, 704, 423, 2065, 1540, 1977, 2090, 1243, 642, 1870, 206, 55, 266, 2690, 1356, 2006, 255, 0, 564, 2092, 525, 1458, 508, 570, 464, 392, 1659, 2109, 2190, 2329, 392, 338, 1925 },
