using IRuettae.Core.Models;
namespace IRuettae.Evaluator
{
internal partial class DatasetFactory
{
/// <summary>
/// 100 Visits, 2 Days, 10 Santas
/// 35 Desired, 20 Unavailable on day 0
/// 35 Desired, 20 Unavailable on day 1
/// </summary>
public static (OptimizationInput input, (int x, int y)[] coordinates) DataSet10()
{
	// Coordinates of points
	var coordinates = new[]
	{
		(1220,1110),
		(1529,1282),
		(1405,842),
		(2535,2811),
		(2337,2786),
		(2635,2673),
		(505,1437),
		(3253,1232),
		(2854,2433),
		(1514,1441),
		(3124,2697),
		(2797,2661),
		(2294,2375),
		(748,1293),
		(3090,2413),
		(1653,1585),
		(2557,2966),
		(1348,1077),
		(2466,3447),
		(730,1070),
		(2739,2762),
		(3658,2376),
		(2652,2483),
		(1767,1394),
		(3037,3038),
		(2147,2797),
		(1265,1196),
		(2442,2697),
		(2500,2687),
		(2694,3133),
		(992,942),
		(1493,830),
		(2686,2467),
		(457,772),
		(1396,754),
		(972,1078),
		(2231,1783),
		(2542,2937),
		(1307,1260),
		(882,1494),
		(1517,1306),
		(2368,2308),
		(3185,2123),
		(2005,717),
		(3998,210),
		(1721,1464),
		(3417,2430),
		(2588,2178),
		(3319,3022),
		(2991,2150),
		(2183,3000),
		(2252,873),
		(1284,817),
		(1204,1682),
		(1124,726),
		(1051,1510),
		(2112,2914),
		(2798,2478),
		(1396,876),
		(1437,781),
		(2262,1622),
		(1455,1458),
		(1194,1484),
		(1830,3203),
		(2687,2719),
		(2217,2762),
		(2382,2470),
		(972,1515),
		(2493,2213),
		(1871,1605),
		(2069,2413),
		(1528,1520),
		(2939,3058),
		(1279,1987),
		(732,1730),
		(716,1133),
		(1323,1207),
		(1791,2941),
		(1208,1551),
		(1795,2147),
		(2379,3268),
		(1094,1401),
		(2278,2431),
		(3077,3060),
		(936,1672),
		(900,1121),
		(3044,2591),
		(1448,1761),
		(2604,2761),
		(2469,2578),
		(3205,2148),
		(2014,2165),
		(2286,1613),
		(1343,600),
		(2971,3134),
		(2767,1909),
		(1067,570),
		(2554,2905),
		(2720,2363),
		(1714,1325),
		(1413,1485)
	};
	const int workingDayDuration = 9 * Hour;
	var input = new OptimizationInput
	{
		Days = new[] {(0* Hour, 0*Hour + workingDayDuration), (24* Hour, 24*Hour + workingDayDuration) },

		RouteCosts = new[,]
		{
			{ 0, 457, 1830, 1707, 1777, 1035, 1724, 1755, 159, 2132, 1873, 1334, 781, 1927, 327, 1972, 273, 2359, 826, 1911, 2393, 1644, 263, 2314, 1636, 277, 1683, 1707, 2187, 635, 453, 1656, 1187, 544, 593, 862, 1940, 223, 680, 26, 1325, 1857, 738, 2691, 264, 2209, 1387, 2496, 1700, 1838, 830, 525, 515, 687, 529, 1733, 1743, 427, 509, 808, 190, 391, 1944, 1845, 1632, 1462, 603, 1340, 470, 1253, 238, 2267, 748, 914, 826, 219, 1679, 418, 904, 2160, 450, 1371, 2357, 709, 649, 2002, 485, 1828, 1601, 1886, 1007, 826, 706, 2347, 1387, 848, 1919, 1608, 189, 233 },
			{ 457, 0, 2270, 2155, 2205, 1078, 1888, 2151, 608, 2529, 2290, 1772, 796, 2303, 783, 2416, 241, 2812, 712, 2337, 2725, 2061, 660, 2736, 2091, 380, 2125, 2145, 2628, 424, 88, 2069, 950, 88, 493, 1252, 2383, 429, 835, 477, 1754, 2193, 612, 2668, 697, 2563, 1784, 2900, 2055, 2293, 847, 123, 863, 304, 756, 2189, 2148, 35, 68, 1158, 618, 675, 2398, 2273, 2084, 1898, 800, 1750, 894, 1705, 689, 2695, 1151, 1114, 747, 374, 2134, 735, 1362, 2614, 639, 1813, 2777, 953, 576, 2396, 920, 2262, 2036, 2223, 1456, 1170, 249, 2775, 1730, 433, 2361, 2010, 573, 643 },
			{ 1830, 2270, 0, 199, 170, 2451, 1734, 494, 1708, 599, 301, 498, 2344, 682, 1510, 156, 2101, 639, 2507, 209, 1204, 348, 1611, 550, 388, 2054, 147, 128, 359, 2423, 2238, 375, 2911, 2351, 2333, 1072, 126, 1978, 2113, 1816, 529, 946, 2160, 2984, 1573, 960, 635, 811, 803, 399, 1958, 2353, 1745, 2517, 1973, 435, 424, 2245, 2307, 1219, 1731, 1886, 806, 177, 321, 373, 2030, 599, 1376, 612, 1637, 473, 1502, 2102, 2474, 2010, 755, 1829, 994, 482, 2016, 458, 596, 1963, 2351, 554, 1511, 85, 242, 942, 829, 1223, 2511, 542, 931, 2679, 95, 484, 1697, 1736 },
			{ 1707, 2155, 199, 0, 318, 2275, 1803, 626, 1576, 792, 476, 413, 2180, 840, 1382, 284, 1974, 673, 2350, 402, 1383, 437, 1504, 743, 190, 1917, 137, 190, 497, 2282, 2130, 472, 2755, 2239, 2186, 1008, 254, 1841, 1945, 1691, 479, 1076, 2095, 3065, 1458, 1137, 657, 1009, 912, 263, 1914, 2232, 1581, 2390, 1811, 258, 554, 2129, 2197, 1166, 1594, 1732, 656, 356, 122, 319, 1865, 593, 1269, 459, 1502, 660, 1325, 1921, 2315, 1876, 567, 1673, 837, 483, 1860, 359, 789, 1789, 2199, 733, 1356, 268, 246, 1077, 699, 1174, 2401, 723, 976, 2554, 247, 570, 1588, 1595 },
			{ 1777, 2205, 170, 318, 0, 2462, 1567, 324, 1665, 489, 162, 452, 2337, 524, 1465, 303, 2050, 792, 2489, 136, 1065, 190, 1545, 542, 503, 2014, 194, 135, 463, 2386, 2168, 212, 2890, 2284, 2304, 977, 279, 1939, 2112, 1765, 452, 777, 2054, 2814, 1515, 818, 497, 767, 632, 557, 1840, 2295, 1740, 2464, 1965, 575, 254, 2182, 2239, 1115, 1693, 1868, 963, 69, 427, 324, 2026, 481, 1313, 622, 1598, 490, 1519, 2123, 2460, 1967, 885, 1815, 991, 647, 1998, 431, 587, 1971, 2327, 417, 1496, 93, 191, 774, 802, 1115, 2442, 570, 775, 2623, 245, 321, 1632, 1704 },
			{ 1035, 1078, 2451, 2275, 2462, 0, 2755, 2551, 1009, 2906, 2598, 2019, 282, 2763, 1157, 2559, 916, 2808, 430, 2597, 3289, 2388, 1262, 2995, 2132, 797, 2310, 2354, 2769, 694, 1159, 2411, 666, 1122, 589, 1760, 2529, 821, 381, 1020, 2056, 2766, 1663, 3702, 1216, 3076, 2210, 3229, 2586, 2293, 1835, 995, 740, 942, 550, 2182, 2518, 1052, 1139, 1766, 950, 690, 2207, 2530, 2164, 2142, 473, 2134, 1376, 1843, 1026, 2924, 949, 370, 370, 849, 1978, 712, 1472, 2620, 590, 2032, 3041, 490, 505, 2788, 997, 2481, 2271, 2792, 1675, 1789, 1184, 2993, 2310, 1033, 2520, 2400, 1214, 909 },
			{ 1724, 1888, 1734, 1803, 1567, 2755, 0, 1265, 1751, 1470, 1499, 1492, 2505, 1192, 1638, 1868, 1911, 2350, 2528, 1614, 1213, 1387, 1494, 1818, 1916, 1988, 1674, 1638, 1981, 2279, 1805, 1358, 2833, 1917, 2286, 1161, 1847, 1946, 2385, 1737, 1393, 893, 1350, 1264, 1549, 1209, 1156, 1791, 954, 2066, 1063, 2012, 2097, 2188, 2219, 2032, 1326, 1890, 1871, 1064, 1812, 2074, 2431, 1591, 1847, 1513, 2298, 1240, 1431, 1672, 1748, 1852, 2113, 2569, 2538, 1930, 2249, 2069, 1721, 2215, 2165, 1545, 1836, 2358, 2355, 1374, 1880, 1661, 1557, 917, 1551, 1039, 2011, 1922, 833, 2284, 1813, 1250, 1541, 1857 },
			{ 1755, 2151, 494, 626, 324, 2551, 1265, 0, 1667, 377, 235, 562, 2394, 236, 1470, 610, 2026, 1085, 2523, 348, 806, 208, 1503, 632, 795, 2013, 489, 435, 718, 2385, 2102, 171, 2916, 2223, 2319, 900, 592, 1941, 2184, 1748, 501, 453, 1914, 2500, 1490, 563, 368, 750, 314, 878, 1672, 2253, 1812, 2430, 2025, 884, 71, 2133, 2176, 1004, 1705, 1912, 1281, 331, 716, 473, 2093, 422, 1285, 785, 1609, 630, 1636, 2235, 2502, 1961, 1178, 1867, 1096, 960, 2040, 576, 665, 2063, 2353, 247, 1558, 412, 411, 452, 881, 997, 2375, 710, 531, 2581, 559, 151, 1589, 1724 },
			{ 159, 608, 1708, 1576, 1665, 1009, 1751, 1667, 0, 2041, 1770, 1216, 780, 1851, 200, 1847, 400, 2220, 867, 1801, 2339, 1542, 257, 2206, 1496, 349, 1561, 1588, 2062, 722, 611, 1557, 1250, 697, 652, 794, 1815, 274, 634, 135, 1216, 1804, 874, 2772, 208, 2144, 1302, 2399, 1638, 1696, 931, 665, 392, 814, 468, 1589, 1650, 577, 664, 769, 61, 322, 1790, 1734, 1496, 1346, 547, 1246, 392, 1119, 80, 2155, 594, 833, 855, 302, 1525, 325, 759, 2021, 421, 1250, 2250, 622, 692, 1914, 326, 1711, 1484, 1832, 879, 790, 858, 2233, 1337, 979, 1795, 1518, 231, 110 },
			{ 2132, 2529, 599, 792, 489, 2906, 1470, 377, 2041, 0, 328, 890, 2759, 286, 1844, 627, 2403, 997, 2894, 390, 623, 518, 1881, 351, 982, 2389, 682, 624, 612, 2761, 2479, 494, 3289, 2600, 2693, 1277, 629, 2316, 2544, 2125, 850, 577, 2274, 2636, 1867, 396, 746, 379, 562, 988, 2021, 2630, 2171, 2807, 2388, 1035, 392, 2510, 2552, 1377, 2078, 2279, 1389, 437, 909, 775, 2455, 795, 1662, 1092, 1983, 405, 1976, 2580, 2871, 2337, 1355, 2232, 1438, 938, 2408, 886, 366, 2416, 2725, 132, 1919, 523, 665, 554, 1230, 1370, 2751, 463, 865, 2958, 606, 524, 1967, 2096 },
			{ 1873, 2290, 301, 476, 162, 2598, 1499, 235, 1770, 328, 0, 578, 2463, 383, 1570, 388, 2146, 852, 2608, 116, 906, 229, 1632, 446, 664, 2119, 356, 298, 483, 2492, 2247, 223, 3007, 2366, 2415, 1044, 375, 2045, 2242, 1863, 555, 663, 2099, 2729, 1609, 661, 526, 634, 546, 701, 1869, 2385, 1869, 2557, 2091, 730, 183, 2269, 2320, 1168, 1802, 1988, 1108, 124, 588, 456, 2154, 541, 1404, 769, 1706, 421, 1660, 2265, 2581, 2070, 1044, 1938, 1126, 737, 2118, 567, 487, 2107, 2443, 256, 1621, 217, 338, 655, 926, 1165, 2522, 503, 752, 2713, 344, 307, 1719, 1816 },
			{ 1334, 1772, 498, 413, 452, 2019, 1492, 562, 1216, 890, 578, 0, 1887, 796, 1017, 646, 1606, 1085, 2036, 589, 1364, 373, 1113, 995, 446, 1564, 354, 373, 857, 1936, 1740, 402, 2438, 1853, 1851, 595, 614, 1489, 1664, 1321, 99, 925, 1682, 2755, 1076, 1124, 353, 1212, 732, 634, 1502, 1856, 1291, 2021, 1514, 568, 514, 1747, 1809, 753, 1242, 1415, 949, 522, 394, 129, 1577, 256, 878, 228, 1147, 939, 1086, 1689, 2008, 1518, 757, 1363, 548, 897, 1545, 58, 1040, 1529, 1875, 780, 1045, 495, 268, 938, 350, 762, 2013, 1017, 663, 2182, 590, 426, 1199, 1252 },
			{ 781, 796, 2344, 2180, 2337, 282, 2505, 2394, 780, 2759, 2463, 1887, 0, 2596, 950, 2464, 637, 2755, 223, 2474, 3104, 2245, 1023, 2878, 2054, 526, 2200, 2238, 2678, 427, 877, 2265, 596, 842, 310, 1561, 2433, 559, 241, 769, 1911, 2574, 1382, 3425, 987, 2901, 2041, 3098, 2401, 2230, 1561, 716, 599, 680, 372, 2118, 2367, 770, 858, 1549, 725, 485, 2195, 2406, 2077, 2013, 315, 1972, 1165, 1731, 812, 2813, 873, 437, 163, 581, 1950, 527, 1351, 2561, 362, 1906, 2923, 423, 229, 2637, 842, 2366, 2147, 2601, 1537, 1570, 913, 2886, 2110, 790, 2420, 2243, 966, 692 },
			{ 1927, 2303, 682, 840, 524, 2763, 1192, 236, 1851, 286, 383, 796, 2596, 0, 1658, 768, 2195, 1207, 2715, 494, 569, 443, 1669, 627, 1018, 2193, 707, 650, 821, 2562, 2248, 407, 3102, 2371, 2503, 1065, 758, 2123, 2391, 1923, 729, 305, 2013, 2382, 1665, 327, 554, 650, 281, 1080, 1753, 2410, 2022, 2590, 2230, 1098, 299, 2287, 2322, 1145, 1893, 2111, 1487, 506, 940, 710, 2300, 629, 1462, 1021, 1799, 662, 1860, 2454, 2697, 2139, 1402, 2070, 1322, 1112, 2237, 812, 647, 2277, 2542, 183, 1766, 597, 642, 288, 1104, 1134, 2517, 730, 598, 2736, 727, 373, 1754, 1916 },
			{ 327, 783, 1510, 1382, 1465, 1157, 1638, 1470, 200, 1844, 1570, 1017, 950, 1658, 0, 1650, 592, 2031, 1056, 1601, 2155, 1343, 222, 2006, 1308, 549, 1363, 1389, 1865, 922, 771, 1358, 1446, 869, 849, 610, 1618, 474, 776, 310, 1016, 1623, 936, 2718, 138, 1955, 1107, 2200, 1452, 1511, 930, 852, 459, 1008, 606, 1406, 1452, 754, 832, 610, 235, 469, 1627, 1534, 1305, 1146, 684, 1048, 218, 926, 140, 1955, 549, 932, 1040, 501, 1363, 446, 579, 1832, 588, 1051, 2050, 722, 884, 1716, 270, 1512, 1285, 1650, 683, 633, 1032, 2033, 1160, 1172, 1598, 1320, 267, 260 },
			{ 1972, 2416, 156, 284, 303, 2559, 1868, 610, 1847, 627, 388, 646, 2464, 768, 1650, 0, 2242, 489, 2633, 273, 1249, 492, 1759, 485, 443, 2191, 292, 284, 216, 2558, 2386, 515, 3037, 2498, 2465, 1227, 32, 2114, 2229, 1958, 684, 1051, 2315, 3109, 1718, 1013, 788, 764, 924, 375, 2115, 2497, 1865, 2659, 2094, 448, 544, 2390, 2455, 1375, 1867, 2013, 764, 279, 396, 525, 2148, 755, 1524, 737, 1774, 392, 1609, 2204, 2597, 2148, 766, 1955, 1118, 350, 2142, 603, 528, 2074, 2479, 614, 1637, 210, 397, 1043, 967, 1379, 2659, 446, 1077, 2821, 61, 624, 1844, 1871 },
			{ 273, 241, 2101, 1974, 2050, 916, 1911, 2026, 400, 2403, 2146, 1606, 637, 2195, 592, 2242, 0, 2620, 618, 2184, 2650, 1917, 525, 2588, 1896, 145, 1954, 1979, 2457, 380, 286, 1929, 941, 326, 376, 1130, 2210, 187, 625, 284, 1598, 2113, 749, 2788, 537, 2472, 1658, 2769, 1962, 2096, 926, 267, 621, 416, 525, 1989, 2016, 206, 309, 1064, 395, 435, 2179, 2118, 1895, 1734, 577, 1612, 743, 1518, 478, 2540, 912, 897, 634, 132, 1915, 494, 1159, 2421, 411, 1642, 2630, 723, 450, 2273, 691, 2100, 1873, 2143, 1275, 1080, 477, 2620, 1644, 579, 2189, 1880, 442, 413 },
			{ 2359, 2812, 639, 673, 792, 2808, 2350, 1085, 2220, 997, 852, 1085, 2755, 1207, 2031, 489, 2620, 0, 2943, 737, 1602, 981, 2168, 702, 724, 2551, 750, 760, 388, 2906, 2792, 1004, 3345, 2897, 2800, 1680, 515, 2475, 2514, 2341, 1143, 1506, 2768, 3581, 2118, 1392, 1274, 953, 1399, 529, 2582, 2883, 2169, 3033, 2398, 639, 1024, 2784, 2857, 1836, 2231, 2339, 681, 760, 728, 980, 2442, 1234, 1935, 1107, 2143, 612, 1881, 2440, 2901, 2514, 843, 2275, 1462, 199, 2463, 1033, 723, 2343, 2804, 1032, 1969, 699, 869, 1494, 1359, 1842, 3060, 594, 1567, 3199, 549, 1113, 2251, 2226 },
			{ 826, 712, 2507, 2350, 2489, 430, 2528, 2523, 867, 2894, 2608, 2036, 223, 2715, 1056, 2633, 618, 2943, 0, 2626, 3206, 2385, 1086, 3032, 2233, 549, 2361, 2397, 2848, 291, 799, 2403, 404, 737, 242, 1661, 2601, 607, 450, 821, 2053, 2671, 1322, 3379, 1066, 3011, 2163, 3242, 2505, 2415, 1534, 609, 774, 523, 544, 2304, 2501, 693, 763, 1628, 822, 621, 2399, 2559, 2252, 2165, 506, 2101, 1260, 1896, 916, 2971, 1068, 660, 64, 608, 2150, 678, 1514, 2747, 491, 2061, 3077, 636, 177, 2769, 996, 2524, 2301, 2699, 1687, 1648, 772, 3046, 2203, 602, 2587, 2373, 1016, 799 },
			{ 1911, 2337, 209, 402, 136, 2597, 1614, 348, 1801, 390, 116, 589, 2474, 494, 1601, 273, 2184, 737, 2626, 0, 996, 292, 1678, 406, 593, 2150, 304, 250, 373, 2522, 2298, 299, 3027, 2415, 2440, 1102, 263, 2075, 2248, 1900, 586, 779, 2172, 2845, 1649, 754, 603, 635, 661, 604, 1950, 2429, 1876, 2598, 2101, 645, 290, 2315, 2370, 1235, 1830, 2005, 1010, 67, 522, 461, 2162, 601, 1446, 755, 1734, 357, 1652, 2256, 2597, 2103, 964, 1952, 1126, 620, 2135, 567, 450, 2106, 2464, 349, 1633, 135, 326, 770, 939, 1235, 2573, 438, 853, 2756, 233, 399, 1765, 1840 },
			{ 2393, 2725, 1204, 1383, 1065, 3289, 1213, 806, 2339, 623, 906, 1364, 3104, 569, 2155, 1249, 2650, 1602, 3206, 996, 0, 1011, 2130, 907, 1568, 2668, 1257, 1199, 1225, 3027, 2660, 976, 3580, 2783, 2983, 1545, 1249, 2602, 2912, 2393, 1291, 536, 2341, 2192, 2140, 246, 1088, 729, 704, 1601, 2058, 2840, 2550, 3023, 2747, 1636, 866, 2714, 2734, 1586, 2386, 2620, 2006, 1029, 1491, 1279, 2820, 1176, 1946, 1589, 2295, 991, 2410, 2996, 3193, 2611, 1950, 2585, 1877, 1559, 2743, 1381, 897, 2811, 3030, 650, 2293, 1122, 1206, 507, 1657, 1569, 2917, 1023, 1005, 3158, 1224, 938, 2209, 2415 },
			{ 1644, 2061, 348, 437, 190, 2388, 1387, 208, 1542, 518, 229, 373, 2245, 443, 1343, 492, 1917, 981, 2385, 292, 1011, 0, 1403, 675, 594, 1892, 299, 254, 651, 2265, 2018, 37, 2783, 2137, 2190, 816, 467, 1817, 2027, 1635, 333, 643, 1880, 2641, 1380, 766, 311, 857, 475, 698, 1658, 2155, 1654, 2328, 1873, 690, 146, 2039, 2091, 945, 1575, 1767, 1092, 238, 516, 270, 1938, 313, 1175, 587, 1480, 642, 1459, 2062, 2360, 1842, 975, 1718, 920, 831, 1896, 377, 716, 1897, 2219, 406, 1403, 282, 206, 646, 712, 943, 2293, 724, 585, 2484, 433, 137, 1490, 1590 },
			{ 263, 660, 1611, 1504, 1545, 1262, 1494, 1503, 257, 1881, 1632, 1113, 1023, 1669, 222, 1759, 525, 2168, 1086, 1678, 2130, 1403, 0, 2077, 1453, 539, 1467, 1486, 1970, 897, 627, 1412, 1450, 739, 855, 605, 1726, 479, 890, 265, 1093, 1594, 717, 2525, 83, 1948, 1135, 2249, 1438, 1659, 711, 752, 632, 927, 725, 1558, 1496, 637, 696, 544, 318, 580, 1810, 1613, 1440, 1239, 804, 1094, 235, 1062, 270, 2035, 767, 1088, 1082, 481, 1547, 580, 753, 1971, 673, 1156, 2119, 876, 908, 1750, 486, 1602, 1376, 1623, 809, 563, 900, 2115, 1124, 1081, 1703, 1359, 87, 365 },
			{ 2314, 2736, 550, 743, 542, 2995, 1818, 632, 2206, 351, 446, 995, 2878, 627, 2006, 485, 2588, 702, 3032, 406, 907, 675, 2077, 0, 922, 2555, 685, 641, 355, 2928, 2694, 670, 3433, 2812, 2847, 1491, 505, 2480, 2651, 2304, 990, 926, 2540, 2986, 2051, 716, 970, 282, 889, 854, 2302, 2829, 2280, 3000, 2505, 933, 608, 2714, 2766, 1614, 2235, 2410, 1218, 473, 865, 866, 2565, 988, 1847, 1152, 2140, 100, 2048, 2650, 3002, 2508, 1249, 2357, 1528, 697, 2540, 971, 45, 2506, 2870, 447, 2038, 514, 730, 905, 1344, 1610, 2968, 116, 1160, 3157, 500, 745, 2164, 2247 },
			{ 1636, 2091, 388, 190, 503, 2132, 1916, 795, 1496, 982, 664, 446, 2054, 1018, 1308, 443, 1896, 724, 2233, 593, 1568, 594, 1453, 922, 0, 1827, 311, 369, 641, 2185, 2072, 631, 2637, 2176, 2082, 1017, 419, 1751, 1816, 1618, 536, 1237, 2084, 3181, 1399, 1321, 760, 1193, 1063, 206, 1926, 2159, 1460, 2309, 1690, 122, 724, 2062, 2137, 1180, 1507, 1622, 515, 545, 78, 402, 1739, 678, 1223, 391, 1419, 833, 1187, 1772, 2194, 1790, 384, 1560, 739, 525, 1748, 388, 966, 1652, 2089, 920, 1249, 458, 389, 1241, 645, 1192, 2339, 890, 1083, 2475, 421, 718, 1534, 1503 },
			{ 277, 380, 2054, 1917, 2014, 797, 1988, 2013, 349, 2389, 2119, 1564, 526, 2193, 549, 2191, 145, 2551, 549, 2150, 2668, 1892, 539, 2555, 1827, 0, 1907, 1936, 2407, 372, 431, 1906, 912, 461, 315, 1130, 2159, 76, 485, 274, 1566, 2132, 881, 2905, 528, 2480, 1647, 2748, 1972, 2024, 1038, 379, 489, 490, 379, 1915, 1998, 345, 449, 1084, 323, 296, 2085, 2083, 1832, 1694, 433, 1594, 731, 1458, 417, 2503, 791, 754, 552, 59, 1822, 359, 1088, 2352, 266, 1597, 2599, 578, 372, 2260, 593, 2059, 1832, 2160, 1224, 1102, 601, 2581, 1662, 656, 2140, 1865, 467, 324 },
			{ 1683, 2125, 147, 137, 194, 2310, 1674, 489, 1561, 682, 356, 354, 2200, 707, 1363, 292, 1954, 750, 2361, 304, 1257, 299, 1467, 685, 311, 1907, 0, 58, 503, 2276, 2094, 335, 2765, 2206, 2186, 938, 260, 1831, 1969, 1670, 395, 938, 2027, 2933, 1428, 1010, 539, 935, 774, 398, 1833, 2208, 1600, 2371, 1828, 394, 417, 2100, 2163, 1089, 1584, 1740, 794, 245, 234, 234, 1886, 486, 1232, 468, 1490, 614, 1362, 1964, 2329, 1863, 695, 1684, 849, 574, 1869, 312, 731, 1821, 2204, 611, 1365, 174, 122, 939, 682, 1095, 2367, 686, 852, 2532, 236, 434, 1553, 1589 },
			{ 1707, 2145, 128, 190, 135, 2354, 1638, 435, 1588, 624, 298, 373, 2238, 650, 1389, 284, 1979, 760, 2397, 250, 1199, 254, 1486, 641, 369, 1936, 58, 0, 486, 2306, 2112, 288, 2800, 2226, 2218, 943, 253, 1859, 2010, 1695, 401, 887, 2031, 2894, 1450, 952, 516, 884, 727, 445, 1830, 2230, 1640, 2395, 1866, 449, 363, 2120, 2182, 1091, 1613, 1775, 845, 189, 292, 247, 1925, 474, 1251, 510, 1518, 574, 1407, 2010, 2365, 1890, 753, 1720, 888, 593, 1905, 338, 687, 1864, 2238, 552, 1401, 127, 113, 887, 713, 1095, 2386, 649, 822, 2556, 224, 391, 1572, 1620 },
			{ 2187, 2628, 359, 497, 463, 2769, 1981, 718, 2062, 612, 483, 857, 2678, 821, 1865, 216, 2457, 388, 2848, 373, 1225, 651, 1970, 355, 641, 2407, 503, 486, 0, 2774, 2597, 666, 3252, 2710, 2681, 1427, 248, 2330, 2443, 2173, 887, 1123, 2512, 3200, 1931, 1008, 960, 634, 1026, 528, 2302, 2711, 2079, 2873, 2309, 621, 663, 2603, 2666, 1571, 2083, 2229, 866, 414, 604, 732, 2362, 941, 1735, 953, 1990, 256, 1820, 2412, 2812, 2364, 923, 2170, 1334, 342, 2357, 816, 389, 2285, 2695, 645, 1853, 382, 598, 1109, 1182, 1573, 2870, 277, 1226, 3035, 267, 770, 2056, 2087 },
			{ 635, 424, 2423, 2282, 2386, 694, 2279, 2385, 722, 2761, 2492, 1936, 427, 2562, 922, 2558, 380, 2906, 291, 2522, 3027, 2265, 897, 2928, 2185, 372, 2276, 2306, 2774, 0, 513, 2279, 561, 445, 137, 1497, 2526, 447, 562, 638, 1938, 2490, 1037, 3093, 896, 2845, 2018, 3121, 2335, 2377, 1261, 317, 769, 253, 571, 2267, 2370, 409, 473, 1440, 693, 578, 2411, 2455, 2193, 2065, 573, 1966, 1101, 1823, 788, 2875, 1083, 829, 335, 424, 2152, 646, 1448, 2708, 470, 1967, 2972, 732, 201, 2632, 937, 2430, 2204, 2520, 1593, 1457, 490, 2953, 2021, 379, 2508, 2237, 817, 687 },
			{ 453, 88, 2238, 2130, 2168, 1159, 1805, 2102, 611, 2479, 2247, 1740, 877, 2248, 771, 2386, 286, 2792, 799, 2298, 2660, 2018, 627, 2694, 2072, 431, 2094, 2112, 2597, 513, 0, 2025, 1037, 123, 577, 1205, 2353, 468, 902, 476, 1717, 2129, 524, 2580, 673, 2502, 1736, 2852, 1996, 2277, 760, 209, 899, 383, 811, 2173, 2102, 107, 74, 1103, 629, 719, 2396, 2234, 2063, 1865, 860, 1706, 862, 1684, 690, 2656, 1176, 1178, 833, 413, 2131, 775, 1351, 2594, 696, 1783, 2735, 1009, 660, 2346, 932, 2227, 2002, 2160, 1433, 1114, 274, 2737, 1669, 499, 2330, 1963, 542, 659 },
			{ 1656, 2069, 375, 472, 212, 2411, 1358, 171, 1557, 494, 223, 402, 2265, 407, 1358, 515, 1929, 1004, 2403, 299, 976, 37, 1412, 670, 631, 1906, 335, 288, 666, 2279, 2025, 0, 2800, 2144, 2206, 821, 491, 1832, 2049, 1647, 355, 606, 1877, 2610, 1391, 731, 305, 841, 439, 732, 1652, 2165, 1677, 2339, 1894, 727, 112, 2048, 2098, 945, 1591, 1786, 1128, 252, 554, 304, 1960, 319, 1186, 619, 1495, 642, 1486, 2088, 2379, 1856, 1012, 1738, 946, 857, 1915, 409, 710, 1922, 2236, 378, 1425, 305, 243, 609, 736, 943, 2299, 725, 563, 2493, 457, 109, 1499, 1607 },
			{ 1187, 950, 2911, 2755, 2890, 666, 2833, 2916, 1250, 3289, 3007, 2438, 596, 3102, 1446, 3037, 941, 3345, 404, 3027, 3580, 2783, 1450, 3433, 2637, 912, 2765, 2800, 3252, 561, 1037, 2800, 0, 939, 599, 2041, 3005, 980, 837, 1186, 2451, 3044, 1548, 3585, 1441, 3392, 2553, 3640, 2884, 2818, 1797, 828, 1177, 668, 947, 2706, 2896, 944, 980, 1995, 1211, 1024, 2791, 2960, 2656, 2566, 904, 2494, 1641, 2300, 1306, 3374, 1466, 996, 444, 969, 2546, 1082, 1918, 3150, 895, 2463, 3478, 1019, 563, 3162, 1400, 2926, 2703, 3073, 2089, 2013, 902, 3449, 2574, 642, 2991, 2766, 1373, 1192 },
			{ 544, 88, 2351, 2239, 2284, 1122, 1917, 2223, 697, 2600, 2366, 1853, 842, 2371, 869, 2498, 326, 2897, 737, 2415, 2783, 2137, 739, 2812, 2176, 461, 2206, 2226, 2710, 445, 123, 2144, 939, 0, 533, 1325, 2465, 513, 900, 565, 1832, 2252, 610, 2658, 780, 2625, 1857, 2973, 2119, 2379, 864, 128, 947, 273, 831, 2275, 2222, 122, 49, 1226, 706, 757, 2487, 2351, 2169, 1979, 871, 1825, 974, 1790, 777, 2772, 1238, 1180, 778, 458, 2222, 818, 1449, 2699, 714, 1894, 2853, 1026, 617, 2467, 1008, 2342, 2116, 2283, 1540, 1236, 162, 2853, 1792, 376, 2442, 2083, 653, 731 },
			{ 593, 493, 2333, 2186, 2304, 589, 2286, 2319, 652, 2693, 2415, 1851, 310, 2503, 849, 2465, 376, 2800, 242, 2440, 2983, 2190, 855, 2847, 2082, 315, 2186, 2218, 2681, 137, 577, 2206, 599, 533, 0, 1442, 2433, 381, 425, 590, 1860, 2447, 1094, 3148, 842, 2793, 1954, 3047, 2285, 2271, 1296, 406, 647, 383, 439, 2161, 2300, 469, 551, 1400, 614, 462, 2291, 2373, 2094, 1981, 437, 1897, 1042, 1727, 710, 2790, 959, 694, 261, 373, 2035, 528, 1349, 2603, 345, 1880, 2891, 595, 83, 2565, 832, 2344, 2119, 2476, 1505, 1418, 605, 2867, 1978, 516, 2416, 2169, 782, 600 },
			{ 862, 1252, 1072, 1008, 977, 1760, 1161, 900, 794, 1277, 1044, 595, 1561, 1065, 610, 1227, 1130, 1680, 1661, 1102, 1545, 816, 605, 1491, 1017, 1130, 938, 943, 1427, 1497, 1205, 821, 2041, 1325, 1442, 0, 1195, 1061, 1379, 858, 542, 1012, 1089, 2365, 601, 1351, 532, 1648, 843, 1217, 910, 1352, 1031, 1530, 1211, 1137, 896, 1232, 1278, 163, 841, 1079, 1475, 1041, 979, 703, 1287, 503, 401, 650, 750, 1458, 973, 1499, 1648, 1075, 1238, 1048, 567, 1492, 1199, 649, 1531, 1299, 1486, 1146, 783, 1046, 829, 1040, 439, 178, 1479, 1540, 550, 1681, 1167, 758, 690, 870 },
			{ 1940, 2383, 126, 254, 279, 2529, 1847, 592, 1815, 629, 375, 614, 2433, 758, 1618, 32, 2210, 515, 2601, 263, 1249, 467, 1726, 505, 419, 2159, 260, 253, 248, 2526, 2353, 491, 3005, 2465, 2433, 1195, 0, 2082, 2199, 1926, 652, 1037, 2284, 3091, 1686, 1011, 760, 781, 906, 364, 2084, 2465, 1834, 2626, 2063, 430, 525, 2358, 2422, 1344, 1835, 1981, 760, 261, 369, 493, 2118, 725, 1491, 705, 1742, 415, 1580, 2175, 2566, 2116, 751, 1923, 1087, 368, 2110, 570, 548, 2044, 2448, 609, 1606, 186, 366, 1030, 935, 1348, 2626, 472, 1052, 2788, 34, 600, 1812, 1839 },
			{ 223, 429, 1978, 1841, 1939, 821, 1946, 1941, 274, 2316, 2045, 1489, 559, 2123, 474, 2114, 187, 2475, 607, 2075, 2602, 1817, 479, 2480, 1751, 76, 1831, 1859, 2330, 447, 468, 1832, 980, 513, 381, 1061, 2082, 0, 485, 214, 1491, 2066, 884, 2888, 461, 2412, 1575, 2674, 1904, 1948, 1021, 443, 434, 564, 357, 1839, 1925, 394, 496, 1021, 247, 250, 2012, 2008, 1756, 1618, 421, 1521, 661, 1382, 341, 2428, 727, 742, 604, 55, 1749, 307, 1012, 2276, 255, 1521, 2524, 554, 430, 2188, 520, 1983, 1757, 2095, 1148, 1040, 660, 2506, 1597, 730, 2064, 1792, 412, 248 },
			{ 680, 835, 2113, 1945, 2112, 381, 2385, 2184, 634, 2544, 2242, 1664, 241, 2391, 776, 2229, 625, 2514, 450, 2248, 2912, 2027, 890, 2651, 1816, 485, 1969, 2010, 2443, 562, 902, 2049, 837, 900, 425, 1379, 2199, 485, 0, 662, 1694, 2387, 1365, 3370, 839, 2702, 1838, 2876, 2208, 1990, 1504, 787, 372, 805, 169, 1878, 2153, 803, 903, 1385, 574, 312, 1954, 2181, 1841, 1789, 92, 1764, 995, 1501, 646, 2584, 632, 279, 397, 526, 1708, 330, 1122, 2321, 231, 1681, 2696, 186, 373, 2424, 625, 2137, 1921, 2413, 1315, 1409, 1005, 2655, 1930, 942, 2187, 2033, 848, 531 },
			{ 26, 477, 1816, 1691, 1765, 1020, 1737, 1748, 135, 2125, 1863, 1321, 769, 1923, 310, 1958, 284, 2341, 821, 1900, 2393, 1635, 265, 2304, 1618, 274, 1670, 1695, 2173, 638, 476, 1647, 1186, 565, 590, 858, 1926, 214, 662, 0, 1314, 1857, 764, 2712, 258, 2207, 1381, 2488, 1698, 1820, 853, 541, 489, 700, 508, 1714, 1736, 446, 531, 809, 164, 368, 1922, 1834, 1615, 1450, 583, 1332, 463, 1236, 214, 2256, 721, 892, 819, 217, 1657, 394, 885, 2143, 433, 1358, 2347, 686, 644, 1995, 460, 1816, 1588, 1886, 992, 828, 727, 2335, 1387, 862, 1905, 1601, 197, 207 },
			{ 1325, 1754, 529, 479, 452, 2056, 1393, 501, 1216, 850, 555, 99, 1911, 729, 1016, 684, 1598, 1143, 2053, 586, 1291, 333, 1093, 990, 536, 1566, 395, 401, 887, 1938, 1717, 355, 2451, 1832, 1860, 542, 652, 1491, 1694, 1314, 0, 837, 1631, 2656, 1063, 1056, 255, 1189, 642, 716, 1439, 1843, 1321, 2012, 1539, 657, 462, 1730, 1788, 694, 1247, 1434, 1044, 520, 478, 162, 1605, 157, 860, 316, 1151, 942, 1135, 1735, 2027, 1517, 856, 1385, 595, 960, 1563, 152, 1033, 1566, 1887, 732, 1070, 510, 288, 852, 381, 699, 1991, 1022, 564, 2171, 625, 356, 1180, 1260 },
			{ 1857, 2193, 946, 1076, 777, 2766, 893, 453, 1804, 577, 663, 925, 2574, 305, 1623, 1051, 2113, 1506, 2671, 779, 536, 643, 1594, 926, 1237, 2132, 938, 887, 1123, 2490, 2129, 606, 3044, 2252, 2447, 1012, 1037, 2066, 2387, 1857, 837, 0, 1835, 2078, 1605, 384, 599, 908, 195, 1331, 1559, 2306, 2029, 2489, 2220, 1333, 525, 2180, 2203, 1050, 1853, 2091, 1732, 776, 1159, 874, 2295, 697, 1412, 1153, 1763, 966, 1910, 2484, 2660, 2075, 1616, 2058, 1390, 1400, 2212, 957, 943, 2293, 2495, 488, 1774, 862, 848, 32, 1171, 1033, 2390, 1033, 469, 2626, 1004, 523, 1673, 1883 },
			{ 738, 612, 2160, 2095, 2054, 1663, 1350, 1914, 874, 2274, 2099, 1682, 1382, 2013, 936, 2315, 749, 2768, 1322, 2172, 2341, 1880, 717, 2540, 2084, 881, 2027, 2031, 2512, 1037, 524, 1877, 1548, 610, 1094, 1089, 2284, 884, 1365, 764, 1631, 1835, 0, 2056, 799, 2219, 1573, 2653, 1739, 2289, 292, 727, 1254, 881, 1240, 2199, 1931, 629, 571, 940, 922, 1116, 2492, 2114, 2055, 1793, 1305, 1573, 898, 1697, 933, 2520, 1462, 1626, 1354, 839, 2234, 1153, 1445, 2578, 1139, 1735, 2576, 1433, 1176, 2142, 1183, 2129, 1917, 1867, 1448, 939, 672, 2602, 1414, 949, 2255, 1794, 674, 969 },
			{ 2691, 2668, 2984, 3065, 2814, 3702, 1264, 2500, 2772, 2636, 2729, 2755, 3425, 2382, 2718, 3109, 2788, 3581, 3379, 2845, 2192, 2641, 2525, 2986, 3181, 2905, 2933, 2894, 3200, 3093, 2580, 2610, 3585, 2658, 3148, 2365, 3091, 2888, 3370, 2712, 2656, 2078, 2056, 0, 2599, 2294, 2420, 2892, 2185, 3328, 1867, 2781, 3158, 2919, 3220, 3296, 2565, 2685, 2623, 2237, 2832, 3079, 3695, 2830, 3112, 2778, 3295, 2505, 2543, 2928, 2795, 3038, 3248, 3602, 3409, 2854, 3511, 3095, 2933, 3460, 3138, 2809, 2995, 3393, 3229, 2565, 2984, 2907, 2818, 2093, 2785, 2213, 2683, 3099, 2098, 2953, 3057, 2503, 2541, 2882 },
			{ 264, 697, 1573, 1458, 1515, 1216, 1549, 1490, 208, 1867, 1609, 1076, 987, 1665, 138, 1718, 537, 2118, 1066, 1649, 2140, 1380, 83, 2051, 1399, 528, 1428, 1450, 1931, 896, 673, 1391, 1441, 780, 842, 601, 1686, 461, 839, 258, 1063, 1605, 799, 2599, 0, 1951, 1123, 2231, 1443, 1603, 794, 780, 561, 949, 671, 1501, 1479, 671, 739, 563, 266, 527, 1742, 1583, 1389, 1203, 750, 1075, 205, 1010, 200, 2006, 684, 1024, 1058, 473, 1478, 520, 686, 1920, 630, 1115, 2094, 812, 889, 1737, 403, 1569, 1341, 1634, 759, 584, 943, 2086, 1136, 1107, 1664, 1343, 139, 308 },
			{ 2209, 2563, 960, 1137, 818, 3076, 1209, 563, 2144, 396, 661, 1124, 2901, 327, 1955, 1013, 2472, 1392, 3011, 754, 246, 766, 1948, 716, 1321, 2480, 1010, 952, 1008, 2845, 2502, 731, 3392, 2625, 2793, 1351, 1011, 2412, 2702, 2207, 1056, 384, 2219, 2294, 1951, 0, 866, 600, 509, 1359, 1944, 2674, 2335, 2856, 2538, 1391, 620, 2549, 2576, 1409, 2189, 2415, 1765, 785, 1245, 1035, 2610, 949, 1752, 1348, 2096, 789, 2183, 2774, 2996, 2424, 1704, 2377, 1646, 1334, 2540, 1139, 715, 2594, 2837, 406, 2079, 877, 959, 352, 1427, 1395, 2765, 833, 833, 2997, 985, 700, 2030, 2215 },
			{ 1387, 1784, 635, 657, 497, 2210, 1156, 368, 1302, 746, 526, 353, 2041, 554, 1107, 788, 1658, 1274, 2163, 603, 1088, 311, 1135, 970, 760, 1647, 539, 516, 960, 2018, 1736, 305, 2553, 1857, 1954, 532, 760, 1575, 1838, 1381, 255, 599, 1573, 2420, 1123, 866, 0, 1116, 403, 916, 1347, 1884, 1470, 2061, 1675, 876, 366, 1765, 1810, 644, 1342, 1557, 1274, 549, 691, 357, 1746, 101, 917, 569, 1247, 947, 1322, 1909, 2143, 1594, 1103, 1515, 793, 1109, 1683, 400, 1008, 1727, 1991, 615, 1213, 583, 417, 617, 574, 640, 2010, 1029, 323, 2213, 727, 227, 1221, 1364 },
			{ 2496, 2900, 811, 1009, 767, 3229, 1791, 750, 2399, 379, 634, 1212, 3098, 650, 2200, 764, 2769, 953, 3242, 635, 729, 857, 2249, 282, 1193, 2748, 935, 884, 634, 3121, 2852, 841, 3640, 2973, 3047, 1648, 781, 2674, 2876, 2488, 1189, 908, 2653, 2892, 2231, 600, 1116, 0, 931, 1136, 2399, 3000, 2503, 3176, 2725, 1211, 753, 2881, 2926, 1754, 2433, 2623, 1499, 700, 1132, 1087, 2789, 1156, 2025, 1390, 2337, 381, 2287, 2891, 3216, 2697, 1530, 2572, 1757, 971, 2752, 1197, 244, 2738, 3076, 511, 2256, 761, 958, 881, 1561, 1747, 3125, 365, 1242, 3329, 773, 890, 2335, 2448 },
			{ 1700, 2055, 803, 912, 632, 2586, 954, 314, 1638, 562, 546, 732, 2401, 281, 1452, 924, 1962, 1399, 2505, 661, 704, 475, 1438, 889, 1063, 1972, 774, 727, 1026, 2335, 1996, 439, 2884, 2119, 2285, 843, 906, 1904, 2208, 1698, 642, 195, 1739, 2185, 1443, 509, 403, 931, 0, 1172, 1475, 2165, 1847, 2348, 2042, 1164, 380, 2041, 2071, 900, 1684, 1916, 1567, 645, 986, 687, 2116, 501, 1245, 958, 1592, 909, 1719, 2297, 2491, 1916, 1437, 1880, 1196, 1274, 2039, 766, 914, 2109, 2330, 444, 1591, 723, 675, 214, 977, 886, 2262, 984, 329, 2489, 872, 344, 1520, 1712 },
			{ 1838, 2293, 399, 263, 557, 2293, 2066, 878, 1696, 988, 701, 634, 2230, 1080, 1511, 375, 2096, 529, 2415, 604, 1601, 698, 1659, 854, 206, 2024, 398, 445, 528, 2377, 2277, 732, 2818, 2379, 2271, 1217, 364, 1948, 1990, 1820, 716, 1331, 2289, 3328, 1603, 1359, 916, 1136, 1172, 0, 2128, 2360, 1641, 2508, 1871, 111, 806, 2265, 2341, 1380, 1705, 1810, 407, 577, 240, 566, 1916, 845, 1429, 597, 1618, 758, 1357, 1928, 2374, 1988, 396, 1746, 937, 332, 1934, 576, 896, 1821, 2275, 953, 1440, 484, 509, 1330, 851, 1390, 2542, 799, 1237, 2674, 382, 833, 1739, 1699 },
			{ 830, 847, 1958, 1914, 1840, 1835, 1063, 1672, 931, 2021, 1869, 1502, 1561, 1753, 930, 2115, 926, 2582, 1534, 1950, 2058, 1658, 711, 2302, 1926, 1038, 1833, 1830, 2302, 1261, 760, 1652, 1797, 864, 1296, 910, 2084, 1021, 1504, 853, 1439, 1559, 292, 1867, 794, 1944, 1347, 2399, 1475, 2128, 0, 969, 1323, 1137, 1359, 2045, 1695, 856, 820, 749, 988, 1221, 2367, 1896, 1889, 1602, 1431, 1361, 825, 1550, 970, 2290, 1479, 1744, 1557, 987, 2118, 1244, 1353, 2398, 1272, 1558, 2337, 1539, 1374, 1891, 1197, 1920, 1718, 1591, 1313, 740, 949, 2372, 1156, 1223, 2054, 1561, 702, 1038 },
			{ 525, 123, 2353, 2232, 2295, 995, 2012, 2253, 665, 2630, 2385, 1856, 716, 2410, 852, 2497, 267, 2883, 609, 2429, 2840, 2155, 752, 2829, 2159, 379, 2208, 2230, 2711, 317, 209, 2165, 828, 128, 406, 1352, 2465, 443, 787, 541, 1843, 2306, 727, 2781, 780, 2674, 1884, 3000, 2165, 2360, 969, 0, 868, 184, 731, 2254, 2247, 126, 157, 1266, 663, 673, 2447, 2363, 2157, 1984, 764, 1846, 982, 1778, 744, 2785, 1170, 1066, 649, 391, 2183, 737, 1424, 2684, 614, 1895, 2871, 923, 489, 2498, 958, 2349, 2122, 2337, 1532, 1279, 224, 2866, 1841, 328, 2443, 2110, 665, 680 },
			{ 515, 863, 1745, 1581, 1740, 740, 2097, 1812, 392, 2171, 1869, 1291, 599, 2022, 459, 1865, 621, 2169, 774, 1876, 2550, 1654, 632, 2280, 1460, 489, 1600, 1640, 2079, 769, 899, 1677, 1177, 947, 647, 1031, 1834, 434, 372, 489, 1321, 2029, 1254, 3158, 561, 2335, 1470, 2503, 1847, 1641, 1323, 868, 0, 959, 230, 1530, 1781, 828, 930, 1059, 336, 198, 1644, 1809, 1480, 1417, 285, 1394, 671, 1132, 362, 2214, 314, 474, 734, 489, 1389, 131, 752, 1973, 301, 1309, 2325, 268, 638, 2052, 256, 1767, 1550, 2054, 943, 1084, 1090, 2287, 1579, 1120, 1821, 1661, 622, 287 },
			{ 687, 304, 2517, 2390, 2464, 942, 2188, 2430, 814, 2807, 2557, 2021, 680, 2590, 1008, 2659, 416, 3033, 523, 2598, 3023, 2328, 927, 3000, 2309, 490, 2371, 2395, 2873, 253, 383, 2339, 668, 273, 383, 1530, 2626, 564, 805, 700, 2012, 2489, 881, 2919, 949, 2856, 2061, 3176, 2348, 2508, 1137, 184, 959, 0, 787, 2400, 2423, 310, 317, 1448, 803, 761, 2575, 2532, 2310, 2150, 803, 2021, 1153, 1933, 890, 2955, 1270, 1077, 576, 520, 2313, 829, 1571, 2834, 675, 2058, 3043, 964, 454, 2676, 1084, 2516, 2288, 2520, 1691, 1461, 252, 3034, 2024, 166, 2606, 2286, 840, 812 },
			{ 529, 756, 1973, 1811, 1965, 550, 2219, 2025, 468, 2388, 2091, 1514, 372, 2230, 606, 2094, 525, 2398, 544, 2101, 2747, 1873, 725, 2505, 1690, 379, 1828, 1866, 2309, 571, 811, 1894, 947, 831, 439, 1211, 2063, 357, 169, 508, 1539, 2220, 1240, 3220, 671, 2538, 1675, 2725, 2042, 1871, 1359, 731, 230, 787, 0, 1759, 1997, 721, 824, 1216, 407, 145, 1863, 2034, 1710, 1641, 79, 1604, 825, 1360, 477, 2441, 528, 387, 504, 407, 1611, 162, 979, 2203, 117, 1534, 2550, 198, 417, 2267, 469, 1994, 1775, 2246, 1164, 1239, 955, 2514, 1761, 940, 2050, 1874, 688, 362 },
			{ 1733, 2189, 435, 258, 575, 2182, 2032, 884, 1589, 1035, 730, 568, 2118, 1098, 1406, 448, 1989, 639, 2304, 645, 1636, 690, 1558, 933, 122, 1915, 394, 449, 621, 2267, 2173, 727, 2706, 2275, 2161, 1137, 430, 1839, 1878, 1714, 657, 1333, 2199, 3296, 1501, 1391, 876, 1211, 1164, 111, 2045, 2254, 1530, 2400, 1759, 0, 812, 2160, 2237, 1300, 1597, 1699, 403, 607, 184, 519, 1804, 797, 1331, 502, 1511, 839, 1246, 1818, 2262, 1880, 322, 1635, 829, 443, 1823, 510, 975, 1710, 2164, 986, 1330, 515, 490, 1334, 755, 1312, 2438, 886, 1199, 2566, 442, 820, 1638, 1590 },
			{ 1743, 2148, 424, 554, 254, 2518, 1326, 71, 1650, 392, 183, 514, 2367, 299, 1452, 544, 2016, 1024, 2501, 290, 866, 146, 1496, 608, 724, 1998, 417, 363, 663, 2370, 2102, 112, 2896, 2222, 2300, 896, 525, 1925, 2153, 1736, 462, 525, 1931, 2565, 1479, 620, 366, 753, 380, 806, 1695, 2247, 1781, 2423, 1997, 812, 0, 2128, 2175, 1009, 1686, 1887, 1209, 265, 646, 416, 2064, 404, 1273, 731, 1590, 596, 1596, 2197, 2478, 1947, 1108, 1840, 1056, 894, 2015, 522, 645, 2028, 2333, 270, 1528, 343, 343, 523, 844, 1005, 2375, 678, 569, 2576, 491, 138, 1582, 1704 },
			{ 427, 35, 2245, 2129, 2182, 1052, 1890, 2133, 577, 2510, 2269, 1747, 770, 2287, 754, 2390, 206, 2784, 693, 2315, 2714, 2039, 637, 2714, 2062, 345, 2100, 2120, 2603, 409, 107, 2048, 944, 122, 469, 1232, 2358, 394, 803, 446, 1730, 2180, 629, 2685, 671, 2549, 1765, 2881, 2041, 2265, 856, 126, 828, 310, 721, 2160, 2128, 0, 103, 1143, 584, 640, 2367, 2250, 2056, 1874, 766, 1729, 870, 1677, 657, 2672, 1117, 1081, 726, 338, 2102, 700, 1332, 2586, 605, 1787, 2756, 919, 553, 2378, 886, 2238, 2011, 2211, 1429, 1155, 281, 2753, 1716, 449, 2336, 1991, 550, 609 },
			{ 509, 68, 2307, 2197, 2239, 1139, 1871, 2176, 664, 2552, 2320, 1809, 858, 2322, 832, 2455, 309, 2857, 763, 2370, 2734, 2091, 696, 2766, 2137, 449, 2163, 2182, 2666, 473, 74, 2098, 980, 49, 551, 1278, 2422, 496, 903, 531, 1788, 2203, 571, 2623, 739, 2576, 1810, 2926, 2071, 2341, 820, 157, 930, 317, 824, 2237, 2175, 103, 0, 1178, 677, 743, 2453, 2306, 2129, 1935, 868, 1779, 931, 1750, 744, 2727, 1216, 1182, 802, 440, 2188, 803, 1412, 2659, 708, 1851, 2807, 1022, 635, 2420, 980, 2298, 2072, 2234, 1499, 1188, 203, 2808, 1743, 425, 2399, 2036, 610, 704 },
			{ 808, 1158, 1219, 1166, 1115, 1766, 1064, 1004, 769, 1377, 1168, 753, 1549, 1145, 610, 1375, 1064, 1836, 1628, 1235, 1586, 945, 544, 1614, 1180, 1084, 1089, 1091, 1571, 1440, 1103, 945, 1995, 1226, 1400, 163, 1344, 1021, 1385, 809, 694, 1050, 940, 2237, 563, 1409, 644, 1754, 900, 1380, 749, 1266, 1059, 1448, 1216, 1300, 1009, 1143, 1178, 0, 823, 1076, 1638, 1176, 1140, 856, 1294, 634, 391, 814, 741, 1587, 1048, 1533, 1621, 1026, 1400, 1056, 702, 1650, 1188, 809, 1652, 1326, 1451, 1245, 825, 1189, 978, 1079, 596, 25, 1374, 1669, 580, 1592, 1315, 871, 623, 859 },
			{ 190, 618, 1731, 1594, 1693, 950, 1812, 1705, 61, 2078, 1802, 1242, 725, 1893, 235, 1867, 395, 2231, 822, 1830, 2386, 1575, 318, 2235, 1507, 323, 1584, 1613, 2083, 693, 629, 1591, 1211, 706, 614, 841, 1835, 247, 574, 164, 1247, 1853, 922, 2832, 266, 2189, 1342, 2433, 1684, 1705, 988, 663, 336, 803, 407, 1597, 1686, 584, 677, 823, 0, 262, 1784, 1762, 1510, 1372, 486, 1283, 441, 1135, 95, 2182, 557, 772, 807, 283, 1520, 263, 768, 2032, 365, 1274, 2279, 561, 649, 1951, 303, 1737, 1510, 1881, 901, 845, 865, 2259, 1387, 969, 1817, 1555, 291, 49 },
			{ 391, 675, 1886, 1732, 1868, 690, 2074, 1912, 322, 2279, 1988, 1415, 485, 2111, 469, 2013, 435, 2339, 621, 2005, 2620, 1767, 580, 2410, 1622, 296, 1740, 1775, 2229, 578, 719, 1786, 1024, 757, 462, 1079, 1981, 250, 312, 368, 1434, 2091, 1116, 3079, 527, 2415, 1557, 2623, 1916, 1810, 1221, 673, 198, 761, 145, 1699, 1887, 640, 743, 1076, 262, 0, 1832, 1937, 1637, 1543, 224, 1489, 687, 1276, 335, 2350, 510, 523, 593, 305, 1574, 68, 894, 2141, 129, 1439, 2455, 319, 467, 2155, 375, 1902, 1680, 2117, 1065, 1099, 896, 2424, 1629, 922, 1966, 1761, 543, 219 },
			{ 1944, 2398, 806, 656, 963, 2207, 2431, 1281, 1790, 1389, 1108, 949, 2195, 1487, 1627, 764, 2179, 681, 2399, 1010, 2006, 1092, 1810, 1218, 515, 2085, 794, 845, 866, 2411, 2396, 1128, 2791, 2487, 2291, 1475, 760, 2012, 1954, 1922, 1044, 1732, 2492, 3695, 1742, 1765, 1274, 1499, 1567, 407, 2367, 2447, 1644, 2575, 1863, 403, 1209, 2367, 2453, 1638, 1784, 1832, 0, 984, 586, 917, 1893, 1191, 1598, 825, 1709, 1118, 1335, 1837, 2350, 2059, 264, 1765, 1056, 552, 1946, 892, 1255, 1772, 2280, 1359, 1491, 891, 893, 1733, 1054, 1654, 2648, 1143, 1597, 2741, 782, 1223, 1881, 1767 },
			{ 1845, 2273, 177, 356, 69, 2530, 1591, 331, 1734, 437, 124, 522, 2406, 506, 1534, 279, 2118, 760, 2559, 67, 1029, 238, 1613, 473, 545, 2083, 245, 189, 414, 2455, 2234, 252, 2960, 2351, 2373, 1041, 261, 2008, 2181, 1834, 520, 776, 2114, 2830, 1583, 785, 549, 700, 645, 577, 1896, 2363, 1809, 2532, 2034, 607, 265, 2250, 2306, 1176, 1762, 1937, 984, 0, 471, 393, 2095, 541, 1380, 689, 1667, 422, 1586, 2190, 2529, 2036, 923, 1884, 1059, 629, 2067, 500, 518, 2040, 2397, 379, 1566, 93, 259, 770, 871, 1176, 2509, 502, 813, 2691, 228, 357, 1699, 1773 },
			{ 1632, 2084, 321, 122, 427, 2164, 1847, 716, 1496, 909, 588, 394, 2077, 940, 1305, 396, 1895, 728, 2252, 522, 1491, 516, 1440, 865, 78, 1832, 234, 292, 604, 2193, 2063, 554, 2656, 2169, 2094, 979, 369, 1756, 1841, 1615, 478, 1159, 2055, 3112, 1389, 1245, 691, 1132, 986, 240, 1889, 2157, 1480, 2310, 1710, 184, 646, 2056, 2129, 1140, 1510, 1637, 586, 471, 0, 335, 1762, 614, 1207, 379, 1420, 780, 1216, 1808, 2215, 1793, 462, 1576, 745, 531, 1764, 336, 910, 1681, 2104, 844, 1262, 387, 312, 1163, 630, 1151, 2331, 840, 1014, 2475, 366, 642, 1522, 1509 },
			{ 1462, 1898, 373, 319, 324, 2142, 1513, 473, 1346, 775, 456, 129, 2013, 710, 1146, 525, 1734, 980, 2165, 461, 1279, 270, 1239, 866, 402, 1694, 234, 247, 732, 2065, 1865, 304, 2566, 1979, 1981, 703, 493, 1618, 1789, 1450, 162, 874, 1793, 2778, 1203, 1035, 357, 1087, 687, 566, 1602, 1984, 1417, 2150, 1641, 519, 416, 1874, 1935, 856, 1372, 1543, 917, 393, 335, 0, 1702, 279, 1004, 318, 1277, 809, 1204, 1808, 2136, 1648, 755, 1490, 669, 798, 1673, 111, 911, 1651, 2004, 672, 1172, 366, 138, 883, 477, 862, 2139, 887, 680, 2310, 467, 354, 1325, 1381 },
			{ 603, 800, 2030, 1865, 2026, 473, 2298, 2093, 547, 2455, 2154, 1577, 315, 2300, 684, 2148, 577, 2442, 506, 2162, 2820, 1938, 804, 2565, 1739, 433, 1886, 1925, 2362, 573, 860, 1960, 904, 871, 437, 1287, 2118, 421, 92, 583, 1605, 2295, 1305, 3295, 750, 2610, 1746, 2789, 2116, 1916, 1431, 764, 285, 803, 79, 1804, 2064, 766, 868, 1294, 486, 224, 1893, 2095, 1762, 1702, 0, 1673, 903, 1417, 556, 2499, 563, 322, 459, 466, 1644, 238, 1037, 2247, 166, 1595, 2611, 161, 400, 2334, 535, 2053, 1836, 2320, 1228, 1317, 987, 2572, 1837, 949, 2105, 1942, 765, 442 },
