using IRuettae.Core.Models;
namespace IRuettae.Evaluator
{
internal partial class DatasetFactory
{
/// <summary>
/// 200 Visits, 2 Days, 20 Santas
/// 75 Desired, 40 Unavailable on day 0
/// 75 Desired, 40 Unavailable on day 1
/// </summary>
public static (OptimizationInput input, (int x, int y)[] coordinates) DataSet11()
{
	// Coordinates of points
	var coordinates = new[]
	{
		(1082,1367),
		(2311,2511),
		(2783,2764),
		(1278,1060),
		(2672,2385),
		(2752,3258),
		(1415,690),
		(1341,978),
		(1658,1024),
		(3048,2517),
		(1762,2265),
		(911,1281),
		(3170,3657),
		(845,1648),
		(2845,2966),
		(2342,2937),
		(1408,1892),
		(1375,1311),
		(2934,3804),
		(1782,899),
		(1413,2562),
		(2363,2682),
		(1777,999),
		(1484,1047),
		(3116,3082),
		(2433,3171),
		(1058,1420),
		(2155,1007),
		(1494,1623),
		(1641,2731),
		(1564,1402),
		(2218,2248),
		(2831,2575),
		(2796,2451),
		(2826,2630),
		(2836,2328),
		(2408,2664),
		(2126,880),
		(1943,1685),
		(1339,861),
		(1414,957),
		(3161,3181),
		(1371,1481),
		(1434,644),
		(3264,2495),
		(2286,2487),
		(678,1373),
		(552,1882),
		(3047,2746),
		(2588,1537),
		(1486,1425),
		(1152,841),
		(1325,1429),
		(2736,2690),
		(1108,1413),
		(2212,2459),
		(1520,849),
		(638,3393),
		(3205,3074),
		(2501,3763),
		(1313,2101),
		(732,761),
		(2315,2896),
		(1612,1733),
		(904,1573),
		(1414,992),
		(1613,1134),
		(2369,3036),
		(2034,1369),
		(1485,1700),
		(1462,1320),
		(2603,3055),
		(1113,1358),
		(809,923),
		(2832,2755),
		(2789,2346),
		(2117,2385),
		(1890,2521),
		(1665,1182),
		(2476,2855),
		(2552,2581),
		(2521,3677),
		(675,1407),
		(2679,2851),
		(2072,2334),
		(1153,931),
		(2723,2042),
		(711,1713),
		(2459,2929),
		(904,1658),
		(846,1301),
		(2423,3306),
		(2742,2814),
		(1664,1157),
		(884,1249),
		(1626,842),
		(2807,2352),
		(2464,2299),
		(1410,974),
		(3165,3148),
		(1901,1586),
		(2738,2401),
		(1850,2463),
		(2458,2478),
		(1409,1561),
		(819,1617),
		(1324,1928),
		(2209,2677),
		(2698,2330),
		(1209,1070),
		(940,2000),
		(1423,1036),
		(2338,1940),
		(2270,3081),
		(2368,2223),
		(1541,864),
		(2320,2838),
		(1631,2142),
		(1003,1576),
		(1195,826),
		(1648,994),
		(975,1309),
		(2598,2280),
		(1470,1031),
		(1489,1482),
		(1189,1135),
		(1411,1262),
		(2181,2768),
		(2613,1805),
		(2664,2824),
		(1652,1491),
		(2638,2946),
		(2494,2449),
		(2863,2413),
		(2727,3071),
		(3104,2038),
		(1367,1274),
		(2778,2174),
		(2832,2165),
		(2371,2154),
		(1208,852),
		(875,1241),
		(2484,3276),
		(3032,2885),
		(2855,2969),
		(2791,1901),
		(2053,2844),
		(2573,2579),
		(1665,1324),
		(3254,2930),
		(2906,2166),
		(920,673),
		(1527,1025),
		(579,1323),
		(795,2026),
		(1100,875),
		(776,1928),
		(1418,1586),
		(2760,2179),
		(1931,2832),
		(1516,1331),
		(1265,1406),
		(3079,3832),
		(2122,2186),
		(1729,1040),
		(3274,2619),
		(630,1456),
		(1460,1683),
		(1488,1975),
		(2560,2524),
		(3461,1804),
		(2251,1647),
		(2184,2951),
		(1548,1783),
		(2319,2556),
		(2290,2659),
		(1089,1660),
		(1365,2223),
		(2636,2458),
		(994,1834),
		(2916,2460),
		(2957,2467),
		(1758,1407),
		(2607,2741),
		(949,931),
		(2988,2043),
		(2405,3220),
		(2820,2928),
		(2103,1941),
		(3700,419),
		(3125,2761),
		(1348,1079),
		(1260,1357),
		(2515,2537),
		(2559,2259),
		(1735,1501),
		(1262,1518),
		(2406,3915),
		(2136,2549),
		(1957,538),
		(2153,2769)
	};
	const int workingDayDuration = 9 * Hour;
	var input = new OptimizationInput
	{
		Days = new[] {(0* Hour, 0*Hour + workingDayDuration), (24* Hour, 24*Hour + workingDayDuration) },

		RouteCosts = new[,]
		{
			{ 0, 535, 1781, 382, 867, 2029, 1814, 1624, 737, 601, 1863, 1432, 1701, 701, 427, 1094, 1521, 1435, 1696, 899, 178, 1603, 1681, 986, 671, 1661, 1512, 1206, 705, 1337, 278, 523, 488, 528, 555, 181, 1641, 904, 1915, 1794, 1082, 1394, 2062, 953, 34, 1990, 1868, 772, 1012, 1363, 2032, 1463, 461, 1628, 111, 1840, 1891, 1056, 1266, 1078, 2357, 385, 1045, 1691, 1764, 1543, 528, 1175, 1157, 1462, 617, 1662, 2185, 575, 505, 231, 421, 1477, 381, 250, 1184, 1973, 501, 297, 1958, 624, 1787, 443, 1645, 1900, 802, 526, 1500, 1904, 1804, 520, 261, 1781, 1065, 1011, 440, 463, 150, 1310, 1739, 1146, 194, 427, 1814, 1463, 1721, 571, 571, 293, 1818, 327, 773, 1607, 2021, 1655, 1797, 368, 1702, 1317, 1775, 1539, 288, 767, 471, 1214, 544, 193, 560, 697, 923, 1556, 575, 625, 362, 1992, 1917, 784, 812, 711, 776, 421, 270, 1351, 1031, 687, 2305, 1680, 2100, 1591, 2035, 1641, 1285, 558, 497, 1422, 1521, 1528, 375, 1581, 969, 1984, 1187, 982, 249, 1349, 866, 457, 1054, 45, 149, 1489, 988, 329, 1480, 607, 647, 1234, 374, 2086, 823, 715, 658, 606, 2511, 851, 1725, 1560, 205, 353, 1162, 1444, 1407, 179, 2004, 302 },
			{ 535, 0, 2273, 394, 494, 2484, 2295, 2072, 362, 1136, 2388, 973, 2236, 211, 473, 1628, 2023, 1050, 2116, 1384, 427, 2031, 2153, 460, 536, 2186, 1865, 1721, 1142, 1827, 765, 195, 313, 140, 439, 388, 1995, 1367, 2388, 2267, 562, 1907, 2512, 551, 568, 2523, 2399, 264, 1242, 1864, 2521, 1976, 87, 2151, 647, 2293, 2235, 523, 1038, 1612, 2866, 486, 1560, 2224, 2239, 2006, 495, 1583, 1678, 1957, 342, 2183, 2699, 49, 418, 766, 925, 1937, 320, 294, 949, 2507, 135, 830, 2452, 724, 2323, 363, 2180, 2427, 650, 64, 1958, 2429, 2243, 412, 563, 2255, 541, 1471, 365, 980, 432, 1826, 2274, 1681, 580, 442, 2312, 1995, 2198, 936, 603, 681, 2269, 468, 1309, 2140, 2505, 2102, 2320, 518, 2174, 1821, 2279, 2034, 602, 973, 133, 1702, 232, 427, 360, 312, 793, 2055, 590, 601, 736, 2477, 2441, 592, 276, 217, 863, 734, 279, 1823, 499, 610, 2800, 2145, 2633, 2120, 2529, 2174, 1803, 585, 854, 1912, 2036, 1108, 878, 2020, 511, 2519, 1708, 1516, 327, 1175, 1237, 627, 1577, 508, 504, 2021, 1517, 339, 2016, 331, 344, 1700, 177, 2592, 749, 592, 168, 1067, 2517, 342, 2213, 2073, 351, 552, 1641, 1966, 1211, 681, 2374, 630 },
			{ 1781, 2273, 0, 1923, 2646, 394, 103, 381, 2292, 1298, 428, 3213, 730, 2467, 2157, 842, 269, 3204, 529, 1508, 1951, 502, 206, 2732, 2406, 421, 878, 603, 1709, 445, 1514, 2169, 2058, 2204, 2008, 1962, 866, 912, 208, 170, 2836, 431, 444, 2450, 1747, 676, 1096, 2443, 1394, 420, 252, 371, 2186, 391, 1682, 321, 2419, 2787, 2966, 1041, 622, 2108, 751, 634, 152, 343, 2257, 816, 672, 318, 2394, 340, 488, 2299, 1984, 1568, 1584, 405, 2158, 1984, 2897, 695, 2273, 1501, 179, 1747, 864, 2210, 705, 494, 2521, 2284, 398, 436, 410, 2001, 1715, 157, 2814, 815, 1982, 1515, 1844, 517, 721, 869, 1865, 1905, 69, 998, 146, 1377, 2251, 1593, 328, 2060, 1138, 584, 248, 375, 392, 1797, 194, 471, 116, 241, 1932, 1528, 2243, 570, 2325, 1846, 2083, 2478, 2071, 231, 1868, 1906, 1546, 219, 441, 2522, 2531, 2476, 1731, 1945, 1996, 468, 2720, 1968, 527, 251, 746, 1080, 256, 1002, 544, 1857, 1888, 360, 346, 3305, 1407, 451, 2532, 759, 649, 938, 1945, 2306, 1136, 2096, 771, 1822, 1892, 629, 1166, 1948, 824, 2154, 2190, 592, 2142, 353, 1972, 2436, 2422, 1206, 2505, 2510, 72, 297, 1926, 1754, 635, 458, 3069, 1718, 856, 1919 },
			{ 382, 394, 1923, 0, 876, 2110, 1936, 1697, 398, 917, 2078, 1366, 1970, 606, 643, 1356, 1683, 1442, 1732, 1271, 428, 1649, 1789, 826, 821, 1880, 1471, 1402, 1087, 1481, 474, 247, 140, 289, 173, 384, 1600, 1010, 2024, 1903, 934, 1584, 2136, 602, 399, 2236, 2178, 520, 852, 1525, 2166, 1651, 311, 1841, 465, 1920, 2270, 871, 1388, 1388, 2530, 623, 1244, 1945, 1876, 1639, 718, 1199, 1370, 1611, 673, 1866, 2368, 403, 123, 555, 793, 1568, 509, 229, 1300, 2223, 466, 602, 2102, 346, 2072, 584, 1911, 2123, 954, 434, 1588, 2118, 1864, 138, 225, 1893, 908, 1110, 67, 825, 233, 1508, 2005, 1423, 547, 60, 1967, 1774, 1838, 556, 803, 344, 1895, 573, 1068, 1854, 2147, 1727, 2009, 128, 1810, 1488, 1939, 1688, 622, 582, 439, 1356, 562, 189, 193, 688, 554, 1713, 236, 272, 379, 2119, 2130, 910, 616, 612, 498, 770, 217, 1462, 797, 320, 2449, 1777, 2347, 1911, 2179, 1950, 1486, 224, 865, 1564, 1714, 1503, 584, 1642, 645, 2243, 1400, 1252, 178, 979, 849, 747, 1275, 392, 470, 1741, 1317, 81, 1766, 255, 296, 1338, 361, 2254, 465, 876, 562, 721, 2218, 588, 1859, 1746, 218, 169, 1288, 1655, 1552, 560, 1980, 645 },
			{ 867, 494, 2646, 876, 0, 2895, 2681, 2487, 797, 1402, 2701, 577, 2495, 306, 520, 1916, 2384, 575, 2550, 1509, 695, 2460, 2548, 404, 330, 2499, 2328, 2062, 1229, 2203, 1142, 687, 808, 632, 933, 686, 2459, 1768, 2782, 2661, 416, 2250, 2927, 918, 900, 2802, 2594, 590, 1728, 2227, 2898, 2319, 568, 2471, 964, 2705, 2118, 488, 563, 1846, 3211, 567, 1904, 2500, 2631, 2410, 442, 2020, 2008, 2328, 251, 2509, 3037, 509, 912, 1079, 1134, 2343, 488, 705, 478, 2782, 413, 1147, 2823, 1216, 2559, 440, 2444, 2731, 332, 444, 2365, 2743, 2665, 907, 1001, 2649, 427, 1876, 857, 1202, 833, 2164, 2535, 1951, 795, 929, 2677, 2205, 2589, 1381, 513, 1103, 2682, 602, 1581, 2426, 2887, 2518, 2637, 990, 2569, 2179, 2636, 2404, 752, 1459, 442, 2081, 332, 849, 852, 188, 1269, 2419, 1084, 1095, 1167, 2858, 2755, 268, 466, 306, 1357, 812, 702, 2218, 599, 1102, 3168, 2546, 2909, 2312, 2899, 2381, 2138, 1079, 924, 2289, 2375, 660, 1243, 2442, 825, 2783, 2037, 1801, 758, 1617, 1687, 645, 1904, 824, 756, 2306, 1730, 808, 2262, 814, 817, 2101, 536, 2943, 1237, 349, 336, 1468, 2993, 621, 2592, 2416, 758, 1017, 2030, 2290, 742, 939, 2833, 773 },
			{ 2029, 2484, 394, 2110, 2895, 0, 297, 413, 2450, 1612, 776, 3447, 1114, 2687, 2430, 1202, 622, 3464, 422, 1872, 2206, 475, 363, 2935, 2681, 812, 805, 936, 2053, 727, 1752, 2357, 2237, 2398, 2168, 2209, 735, 1126, 187, 267, 3041, 792, 49, 2583, 1996, 1004, 1471, 2624, 1446, 738, 303, 744, 2396, 785, 1940, 190, 2812, 2981, 3259, 1414, 686, 2382, 1061, 1020, 302, 486, 2532, 918, 1012, 631, 2646, 733, 649, 2504, 2151, 1834, 1891, 551, 2411, 2206, 3185, 1030, 2503, 1770, 355, 1881, 1241, 2470, 1094, 834, 2803, 2504, 529, 771, 260, 2167, 1920, 284, 3017, 1019, 2162, 1825, 2069, 871, 1102, 1241, 2139, 2082, 432, 1393, 346, 1553, 2539, 1805, 214, 2330, 1467, 977, 258, 383, 759, 1981, 345, 795, 499, 572, 2214, 1636, 2472, 835, 2566, 2063, 2250, 2718, 2160, 585, 2014, 2045, 1748, 262, 771, 2798, 2726, 2695, 1833, 2246, 2215, 681, 2898, 2098, 495, 353, 1048, 1472, 365, 1393, 896, 2006, 2203, 648, 731, 3555, 1654, 470, 2678, 1096, 994, 1287, 2162, 2329, 1270, 2388, 1101, 2073, 2154, 1023, 1533, 2148, 1219, 2320, 2352, 794, 2372, 524, 2074, 2716, 2642, 1427, 2301, 2685, 394, 684, 2149, 1941, 871, 842, 3373, 1993, 562, 2206 },
			{ 1814, 2295, 103, 1936, 2681, 297, 0, 320, 2298, 1354, 526, 3243, 833, 2492, 2199, 916, 334, 3244, 448, 1585, 1986, 436, 158, 2752, 2449, 524, 814, 662, 1778, 479, 1543, 2184, 2070, 2221, 2014, 1995, 791, 928, 117, 75, 2857, 503, 346, 2449, 1780, 771, 1199, 2456, 1366, 469, 233, 451, 2208, 493, 1718, 220, 2515, 2804, 3016, 1123, 646, 2151, 802, 738, 74, 313, 2300, 795, 736, 362, 2430, 443, 534, 2319, 1992, 1606, 1637, 382, 2193, 2009, 2945, 792, 2301, 1540, 193, 1744, 968, 2248, 808, 591, 2567, 2309, 369, 531, 315, 2009, 1733, 69, 2834, 826, 1994, 1569, 1870, 586, 825, 950, 1907, 1915, 160, 1097, 100, 1385, 2299, 1613, 230, 2101, 1199, 686, 210, 307, 493, 1809, 139, 525, 218, 292, 1977, 1517, 2271, 599, 2356, 1869, 2091, 2510, 2057, 297, 1869, 1905, 1563, 183, 535, 2566, 2548, 2501, 1718, 1997, 2020, 474, 2733, 1964, 519, 191, 836, 1181, 262, 1105, 612, 1859, 1945, 393, 434, 3341, 1438, 392, 2535, 856, 714, 1007, 1968, 2275, 1129, 2145, 831, 1856, 1930, 727, 1245, 1966, 923, 2162, 2197, 598, 2170, 394, 1961, 2481, 2447, 1228, 2424, 2522, 101, 387, 1951, 1767, 654, 545, 3124, 1760, 757, 1966 },
			{ 1624, 2072, 381, 1697, 2487, 413, 320, 0, 2039, 1245, 789, 3036, 1024, 2276, 2031, 903, 403, 3058, 176, 1557, 1801, 121, 175, 2522, 2282, 718, 497, 621, 1707, 389, 1346, 1944, 1825, 1985, 1757, 1803, 489, 719, 358, 253, 2629, 539, 441, 2177, 1592, 1040, 1399, 2212, 1062, 436, 538, 524, 1984, 673, 1538, 222, 2579, 2568, 2865, 1130, 962, 1983, 710, 932, 246, 118, 2133, 510, 697, 355, 2240, 639, 854, 2091, 1739, 1436, 1514, 158, 2005, 1795, 2789, 1054, 2092, 1373, 513, 1473, 1171, 2066, 985, 857, 2406, 2092, 133, 806, 184, 1756, 1508, 252, 2604, 612, 1750, 1451, 1659, 591, 1027, 963, 1742, 1669, 451, 1211, 235, 1140, 2146, 1393, 198, 1931, 1118, 856, 503, 31, 740, 1568, 188, 488, 481, 343, 1820, 1233, 2062, 467, 2157, 1652, 1838, 2309, 1766, 383, 1605, 1637, 1336, 481, 812, 2398, 2313, 2283, 1432, 1862, 1804, 300, 2485, 1691, 817, 131, 1119, 1322, 577, 1262, 611, 1596, 1828, 338, 548, 3147, 1251, 72, 2270, 1115, 688, 966, 1750, 1964, 860, 1997, 766, 1668, 1752, 853, 1234, 1735, 1047, 1909, 1941, 395, 1961, 715, 1675, 2319, 2230, 1019, 2129, 2273, 314, 518, 1738, 1528, 483, 633, 2986, 1598, 570, 1813 },
			{ 737, 362, 2292, 398, 797, 2450, 2298, 2039, 0, 1310, 2468, 1146, 2368, 492, 821, 1755, 2062, 1292, 2054, 1635, 704, 1979, 2146, 569, 897, 2272, 1754, 1792, 1423, 1856, 872, 224, 260, 249, 284, 656, 1878, 1383, 2379, 2259, 673, 1971, 2472, 217, 762, 2631, 2575, 229, 1082, 1905, 2530, 2037, 356, 2232, 838, 2262, 2564, 578, 1360, 1784, 2906, 825, 1636, 2342, 2235, 1992, 854, 1531, 1763, 1987, 698, 2255, 2748, 321, 310, 940, 1158, 1922, 664, 500, 1274, 2619, 497, 993, 2471, 575, 2471, 718, 2309, 2515, 1006, 426, 1940, 2508, 2197, 292, 623, 2250, 641, 1477, 330, 1199, 591, 1897, 2403, 1821, 854, 396, 2340, 2170, 2198, 914, 960, 740, 2236, 795, 1465, 2251, 2508, 2068, 2399, 508, 2167, 1871, 2316, 2062, 902, 834, 491, 1732, 593, 558, 212, 640, 482, 2090, 436, 412, 768, 2481, 2519, 945, 368, 491, 667, 1047, 479, 1826, 461, 378, 2815, 2130, 2742, 2305, 2547, 2347, 1877, 444, 1160, 1937, 2100, 1315, 983, 1980, 247, 2640, 1793, 1651, 488, 823, 1179, 966, 1669, 730, 771, 2138, 1708, 416, 2164, 143, 103, 1701, 494, 2630, 477, 952, 470, 1106, 2196, 255, 2226, 2131, 533, 552, 1660, 2046, 1538, 912, 2259, 929 },
			{ 601, 1136, 1298, 917, 1402, 1612, 1354, 1245, 1310, 0, 1300, 1979, 1105, 1290, 887, 514, 1029, 1934, 1366, 458, 731, 1266, 1249, 1581, 1127, 1099, 1317, 695, 481, 885, 456, 1113, 1050, 1124, 1075, 759, 1432, 607, 1466, 1353, 1672, 876, 1653, 1519, 569, 1403, 1269, 1372, 1101, 884, 1549, 943, 1062, 1074, 490, 1436, 1592, 1654, 1670, 478, 1822, 839, 552, 1102, 1319, 1140, 981, 936, 629, 991, 1153, 1115, 1645, 1176, 1030, 374, 286, 1087, 926, 850, 1603, 1384, 1088, 317, 1466, 986, 1187, 962, 1051, 1329, 1233, 1123, 1112, 1342, 1429, 1048, 702, 1338, 1657, 693, 985, 216, 727, 787, 1144, 552, 607, 938, 1316, 863, 1274, 661, 961, 607, 1418, 799, 179, 1025, 1546, 1276, 1238, 836, 1268, 829, 1266, 1062, 654, 967, 1061, 781, 1109, 754, 1110, 1257, 1361, 1066, 1020, 1074, 619, 1517, 1354, 1242, 1413, 1300, 1091, 648, 869, 945, 1633, 1148, 1800, 1262, 1512, 996, 1539, 1042, 761, 1001, 591, 965, 992, 2046, 368, 1225, 1552, 1391, 655, 398, 838, 1760, 788, 805, 527, 628, 658, 904, 399, 895, 880, 1170, 1211, 858, 969, 1562, 1245, 1151, 1248, 470, 2676, 1450, 1256, 1037, 800, 797, 764, 898, 1771, 469, 1737, 637 },
			{ 1863, 2388, 428, 2078, 2701, 776, 526, 789, 2468, 1300, 0, 3278, 372, 2565, 2188, 787, 464, 3233, 951, 1375, 2017, 910, 618, 2847, 2426, 202, 1273, 675, 1623, 664, 1625, 2315, 2218, 2342, 2191, 2038, 1279, 1108, 599, 598, 2944, 501, 824, 2647, 1828, 250, 700, 2590, 1696, 592, 501, 439, 2305, 237, 1755, 746, 2129, 2911, 2947, 913, 549, 2139, 834, 292, 580, 717, 2281, 1126, 710, 552, 2451, 216, 372, 2421, 2158, 1635, 1579, 760, 2219, 2093, 2886, 267, 2364, 1567, 425, 1965, 476, 2261, 377, 68, 2527, 2388, 763, 41, 839, 2177, 1856, 585, 2926, 1035, 2142, 1509, 1956, 571, 348, 767, 1906, 2072, 365, 719, 567, 1571, 2255, 1734, 755, 2099, 1122, 309, 536, 790, 69, 1960, 612, 611, 314, 500, 1955, 1780, 2335, 770, 2398, 1967, 2256, 2549, 2319, 456, 2069, 2114, 1701, 521, 53, 2540, 2659, 2574, 1979, 1935, 2108, 755, 2865, 2182, 608, 667, 334, 753, 447, 660, 591, 2055, 1856, 607, 375, 3347, 1511, 852, 2715, 331, 680, 902, 2065, 2603, 1389, 2099, 811, 1899, 1949, 418, 1045, 2088, 559, 2325, 2364, 856, 2237, 352, 2212, 2447, 2521, 1362, 2919, 2663, 481, 357, 2037, 1916, 852, 423, 3028, 1763, 1283, 1938 },
			{ 1432, 973, 3213, 1366, 577, 3447, 3243, 3036, 1146, 1979, 3278, 0, 3072, 763, 1097, 2493, 2953, 278, 3087, 2070, 1265, 3000, 3107, 577, 882, 3076, 2837, 2635, 1787, 2768, 1700, 1133, 1262, 1083, 1370, 1251, 2966, 2322, 3342, 3220, 476, 2823, 3477, 1165, 1466, 3380, 3162, 919, 2198, 2796, 3464, 2892, 1059, 3047, 1533, 3256, 2545, 584, 677, 2422, 3785, 1144, 2475, 3078, 3191, 2964, 1013, 2554, 2582, 2894, 826, 3084, 3612, 963, 1365, 1651, 1711, 2896, 1060, 1240, 649, 3359, 943, 1719, 3391, 1675, 3134, 1017, 3021, 3309, 825, 945, 2918, 3320, 3210, 1354, 1530, 3208, 509, 2428, 1328, 1779, 1377, 2737, 3112, 2529, 1372, 1408, 3246, 2778, 3149, 1907, 1068, 1643, 3233, 1180, 2159, 3004, 3451, 3067, 3214, 1491, 3128, 2748, 3206, 2971, 1329, 1933, 974, 2644, 888, 1384, 1281, 734, 1620, 2988, 1533, 1529, 1702, 3423, 3332, 784, 784, 756, 1796, 1381, 1232, 2776, 731, 1514, 3737, 3102, 3487, 2881, 3467, 2953, 2712, 1533, 1488, 2854, 2948, 197, 1806, 2987, 1043, 3360, 2611, 2378, 1286, 1875, 2210, 1212, 2478, 1391, 1330, 2884, 2305, 1312, 2838, 1223, 1208, 2656, 1075, 3516, 1624, 881, 808, 2020, 3281, 897, 3156, 2989, 1297, 1525, 2589, 2866, 806, 1515, 3346, 1350 },
			{ 1701, 2236, 730, 1970, 2495, 1114, 833, 1024, 2368, 1105, 372, 3072, 0, 2395, 1975, 613, 628, 3002, 1199, 1076, 1836, 1135, 877, 2685, 2200, 312, 1458, 649, 1344, 759, 1498, 2191, 2109, 2211, 2103, 1864, 1493, 1098, 929, 895, 2777, 551, 1164, 2563, 1667, 321, 374, 2460, 1746, 678, 863, 527, 2159, 352, 1589, 1045, 1757, 2757, 2686, 651, 894, 1928, 771, 95, 868, 924, 2061, 1221, 642, 698, 2251, 394, 725, 2274, 2065, 1470, 1361, 943, 2029, 1945, 2631, 294, 2193, 1405, 780, 1918, 148, 2060, 59, 347, 2288, 2226, 954, 400, 1122, 2084, 1744, 879, 2762, 1057, 2037, 1293, 1814, 570, 40, 554, 1708, 1974, 683, 364, 841, 1521, 2020, 1627, 1048, 1895, 928, 173, 893, 1035, 363, 1863, 878, 665, 617, 685, 1743, 1774, 2166, 822, 2213, 1833, 2158, 2359, 2292, 642, 2003, 2053, 1607, 874, 408, 2310, 2512, 2405, 1962, 1699, 1962, 881, 2728, 2125, 977, 923, 419, 381, 813, 288, 576, 1987, 1606, 742, 484, 3124, 1385, 1072, 2615, 288, 615, 721, 1925, 2620, 1406, 1868, 715, 1731, 1763, 244, 775, 1965, 238, 2224, 2265, 944, 2073, 724, 2179, 2214, 2353, 1291, 3108, 2537, 759, 506, 1891, 1819, 902, 436, 2752, 1574, 1571, 1722 },
			{ 701, 211, 2467, 606, 306, 2687, 2492, 2276, 492, 1290, 2565, 763, 2395, 0, 503, 1794, 2213, 842, 2324, 1487, 559, 2238, 2352, 294, 460, 2362, 2076, 1904, 1226, 2021, 953, 391, 517, 336, 638, 531, 2206, 1566, 2588, 2466, 382, 2092, 2717, 630, 736, 2689, 2536, 298, 1451, 2054, 2716, 2161, 296, 2330, 811, 2497, 2247, 375, 868, 1759, 3053, 534, 1743, 2389, 2438, 2207, 481, 1791, 1858, 2149, 257, 2363, 2884, 211, 622, 931, 1053, 2138, 385, 483, 781, 2671, 201, 998, 2646, 932, 2474, 387, 2340, 2601, 541, 183, 2160, 2606, 2448, 615, 768, 2455, 368, 1671, 575, 1114, 622, 2009, 2434, 1841, 698, 652, 2504, 2135, 2397, 1144, 586, 882, 2473, 540, 1467, 2307, 2702, 2306, 2498, 729, 2373, 2010, 2468, 2227, 692, 1183, 230, 1897, 207, 624, 553, 157, 963, 2246, 794, 801, 940, 2673, 2618, 475, 203, 10, 1066, 801, 473, 2022, 410, 802, 2993, 2346, 2798, 2255, 2723, 2314, 1985, 791, 923, 2107, 2220, 897, 1063, 2225, 551, 2680, 1887, 1680, 525, 1315, 1446, 661, 1755, 666, 634, 2188, 1656, 549, 2169, 510, 511, 1900, 327, 2781, 934, 508, 45, 1265, 2686, 347, 2408, 2258, 541, 762, 1838, 2145, 1045, 822, 2585, 719 },
			{ 427, 473, 2157, 643, 520, 2430, 2199, 2031, 821, 887, 2188, 1097, 1975, 503, 0, 1401, 1891, 1049, 2113, 1001, 255, 2018, 2075, 787, 251, 1987, 1939, 1563, 730, 1720, 700, 608, 665, 573, 784, 280, 2068, 1314, 2305, 2186, 854, 1750, 2466, 1022, 453, 2283, 2077, 730, 1421, 1737, 2410, 1818, 465, 1960, 495, 2243, 1763, 873, 841, 1325, 2706, 49, 1408, 1982, 2155, 1944, 102, 1597, 1504, 1840, 286, 2000, 2531, 522, 741, 596, 614, 1881, 157, 413, 761, 2262, 347, 660, 2331, 972, 2039, 117, 1924, 2216, 377, 418, 1904, 2230, 2213, 747, 649, 2173, 849, 1421, 666, 683, 473, 1662, 2015, 1433, 292, 703, 2183, 1686, 2111, 997, 160, 714, 2222, 101, 1066, 1909, 2402, 2063, 2125, 705, 2096, 1686, 2139, 1916, 233, 1163, 341, 1602, 296, 511, 738, 407, 1178, 1927, 878, 914, 783, 2373, 2242, 367, 691, 513, 1129, 303, 426, 1749, 912, 955, 2673, 2078, 2390, 1795, 2407, 1862, 1636, 865, 424, 1805, 1871, 1159, 782, 1993, 984, 2263, 1533, 1286, 467, 1592, 1293, 158, 1400, 381, 282, 1789, 1210, 562, 1741, 746, 774, 1637, 329, 2442, 1102, 289, 478, 1024, 2860, 802, 2107, 1914, 435, 711, 1559, 1783, 980, 439, 2429, 252 },
			{ 1094, 1628, 842, 1356, 1916, 1202, 916, 903, 1755, 514, 787, 2493, 613, 1794, 1401, 0, 581, 2446, 1061, 670, 1239, 966, 848, 2081, 1639, 587, 1158, 282, 870, 514, 884, 1578, 1496, 1598, 1493, 1263, 1240, 573, 1033, 935, 2175, 412, 1248, 1951, 1060, 895, 856, 1848, 1232, 473, 1081, 470, 1549, 565, 983, 1048, 1686, 2150, 2166, 229, 1317, 1353, 258, 596, 900, 785, 1494, 815, 206, 574, 1667, 610, 1139, 1665, 1453, 863, 792, 755, 1438, 1335, 2103, 878, 1592, 797, 994, 1323, 719, 1476, 555, 815, 1740, 1621, 778, 829, 1072, 1472, 1131, 918, 2159, 580, 1424, 722, 1202, 331, 650, 91, 1121, 1362, 845, 480, 856, 931, 1468, 1015, 1036, 1314, 335, 513, 1087, 929, 726, 1251, 863, 417, 788, 630, 1168, 1208, 1564, 469, 1619, 1220, 1545, 1769, 1702, 619, 1398, 1449, 998, 1059, 841, 1753, 1903, 1803, 1383, 1149, 1352, 623, 2117, 1522, 1313, 875, 1005, 627, 1062, 633, 306, 1382, 1075, 571, 506, 2560, 772, 910, 2002, 891, 215, 115, 1313, 2054, 877, 1312, 177, 1127, 1168, 394, 333, 1352, 418, 1611, 1652, 598, 1469, 1064, 1587, 1660, 1751, 696, 2724, 1924, 815, 555, 1281, 1208, 509, 401, 2255, 980, 1461, 1150 },
			{ 1521, 2023, 269, 1683, 2384, 622, 334, 403, 2062, 1029, 464, 2953, 628, 2213, 1891, 581, 0, 2940, 579, 1251, 1689, 508, 285, 2483, 2139, 335, 837, 333, 1444, 209, 1260, 1928, 1821, 1960, 1780, 1702, 865, 680, 451, 356, 2585, 170, 669, 2229, 1487, 699, 1001, 2203, 1233, 159, 520, 128, 1937, 285, 1420, 484, 2208, 2541, 2698, 792, 846, 1842, 483, 538, 321, 296, 1990, 661, 404, 87, 2132, 266, 686, 2051, 1752, 1305, 1315, 317, 1896, 1731, 2628, 706, 2017, 1237, 440, 1533, 776, 1947, 585, 529, 2253, 2031, 327, 494, 531, 1770, 1470, 338, 2564, 593, 1745, 1246, 1592, 252, 634, 619, 1600, 1669, 292, 814, 279, 1150, 1983, 1348, 476, 1795, 869, 456, 517, 418, 400, 1560, 295, 205, 256, 60, 1665, 1332, 1987, 330, 2066, 1595, 1851, 2219, 1875, 37, 1647, 1688, 1304, 488, 504, 2256, 2285, 2222, 1534, 1676, 1744, 290, 2480, 1753, 783, 323, 796, 920, 515, 859, 278, 1634, 1619, 142, 145, 3042, 1150, 445, 2305, 758, 381, 673, 1695, 2143, 938, 1828, 502, 1562, 1629, 451, 912, 1704, 647, 1922, 1959, 394, 1887, 570, 1771, 2169, 2168, 962, 2490, 2272, 233, 123, 1674, 1516, 407, 235, 2800, 1453, 967, 1652 },
			{ 1435, 1050, 3204, 1442, 575, 3464, 3244, 3058, 1292, 1934, 3233, 278, 3002, 842, 1049, 2446, 2940, 0, 3125, 1963, 1258, 3034, 3115, 744, 807, 3033, 2903, 2613, 1680, 2765, 1712, 1233, 1360, 1178, 1479, 1255, 3033, 2339, 3347, 3227, 663, 2799, 3497, 1349, 1467, 3316, 3060, 1064, 2293, 2785, 3457, 2868, 1131, 3008, 1526, 3275, 2332, 778, 434, 2351, 3756, 1098, 2456, 3016, 3196, 2978, 953, 2596, 2554, 2887, 818, 3049, 3579, 1053, 1465, 1637, 1654, 2912, 1053, 1281, 432, 3293, 986, 1704, 3380, 1774, 3051, 995, 2954, 3259, 713, 1008, 2935, 3275, 3237, 1457, 1576, 3214, 695, 2446, 1416, 1724, 1408, 2712, 3042, 2472, 1340, 1492, 3232, 2688, 3153, 1956, 981, 1679, 3253, 1144, 2111, 2948, 3448, 3090, 3172, 1560, 3135, 2734, 3188, 2963, 1280, 2024, 1016, 2644, 907, 1424, 1392, 761, 1774, 2975, 1637, 1642, 1743, 3419, 3287, 693, 924, 838, 1908, 1302, 1277, 2785, 930, 1638, 3722, 3114, 3420, 2781, 3455, 2859, 2686, 1634, 1396, 2850, 2921, 147, 1810, 3015, 1232, 3289, 2582, 2331, 1333, 2068, 2262, 1135, 2450, 1391, 1313, 2828, 2227, 1378, 2764, 1344, 1337, 2669, 1112, 3492, 1761, 787, 883, 2039, 3470, 1060, 3152, 2964, 1334, 1589, 2596, 2832, 539, 1487, 3409, 1296 },
			{ 1696, 2116, 529, 1732, 2550, 422, 448, 176, 2054, 1366, 951, 3087, 1199, 2324, 2113, 1061, 579, 3125, 0, 1703, 1875, 100, 332, 2558, 2363, 891, 388, 779, 1837, 548, 1417, 1977, 1853, 2021, 1775, 1872, 344, 802, 444, 372, 2666, 712, 431, 2177, 1666, 1201, 1574, 2238, 1027, 603, 632, 699, 2029, 847, 1618, 266, 2743, 2599, 2952, 1290, 1059, 2066, 851, 1106, 379, 289, 2216, 533, 854, 528, 2307, 811, 973, 2132, 1762, 1523, 1625, 306, 2075, 1849, 2874, 1217, 2148, 1464, 629, 1480, 1345, 2139, 1160, 1018, 2490, 2142, 283, 963, 166, 1778, 1557, 379, 2640, 697, 1780, 1565, 1717, 759, 1201, 1126, 1828, 1699, 597, 1386, 384, 1180, 2235, 1447, 243, 2012, 1252, 1032, 591, 164, 905, 1604, 338, 652, 638, 519, 1911, 1229, 2117, 606, 2218, 1705, 1860, 2368, 1744, 559, 1617, 1644, 1386, 575, 969, 2478, 2346, 2331, 1422, 1963, 1856, 440, 2508, 1693, 891, 284, 1275, 1498, 682, 1439, 777, 1610, 1938, 507, 724, 3206, 1331, 150, 2276, 1279, 847, 1115, 1801, 1907, 882, 2091, 914, 1741, 1831, 1029, 1388, 1777, 1222, 1929, 1959, 508, 2018, 833, 1662, 2403, 2279, 1090, 1977, 2295, 469, 694, 1794, 1566, 603, 808, 3079, 1687, 401, 1906 },
			{ 899, 1384, 1508, 1271, 1509, 1872, 1585, 1557, 1635, 458, 1375, 2070, 1076, 1487, 1001, 670, 1251, 1963, 1703, 0, 957, 1604, 1516, 1780, 1187, 1195, 1722, 942, 283, 1169, 864, 1418, 1387, 1414, 1442, 1000, 1826, 1024, 1702, 1605, 1854, 1081, 1918, 1852, 876, 1397, 1097, 1644, 1559, 1139, 1740, 1136, 1329, 1188, 805, 1716, 1136, 1863, 1620, 471, 1925, 961, 852, 1112, 1570, 1441, 1067, 1344, 865, 1242, 1288, 1240, 1746, 1432, 1392, 725, 478, 1402, 1102, 1139, 1571, 1370, 1298, 697, 1651, 1409, 1101, 1108, 1037, 1382, 1254, 1352, 1427, 1415, 1733, 1409, 1083, 1588, 1847, 1091, 1334, 448, 1048, 1001, 1116, 640, 804, 1305, 1505, 734, 1526, 1114, 1001, 1013, 1702, 948, 473, 1067, 1749, 1585, 1327, 1218, 1532, 1082, 1444, 1300, 795, 1418, 1278, 1097, 1283, 1086, 1457, 1409, 1770, 1288, 1419, 1473, 1041, 1722, 1426, 1287, 1650, 1498, 1528, 699, 1160, 1263, 1877, 1544, 1952, 1541, 1493, 818, 1715, 898, 976, 1400, 584, 1235, 1165, 2094, 802, 1554, 1861, 1355, 880, 591, 1147, 2183, 1240, 863, 790, 906, 882, 958, 342, 1227, 839, 1506, 1546, 1205, 1207, 1695, 1658, 1190, 1453, 928, 3134, 1723, 1484, 1214, 1102, 1185, 1108, 1054, 1678, 723, 2095, 768 },
			{ 178, 427, 1951, 428, 695, 2206, 1986, 1801, 704, 731, 2017, 1265, 1836, 559, 255, 1239, 1689, 1258, 1875, 957, 0, 1782, 1856, 852, 493, 1815, 1687, 1369, 723, 1508, 457, 480, 490, 465, 590, 48, 1817, 1081, 2089, 1968, 941, 1557, 2239, 920, 209, 2133, 1979, 686, 1166, 1532, 2203, 1627, 373, 1784, 269, 2017, 1865, 928, 1089, 1200, 2520, 219, 1210, 1832, 1938, 1720, 354, 1353, 1317, 1633, 443, 1820, 2347, 474, 542, 385, 499, 1654, 206, 214, 1007, 2115, 358, 453, 2128, 734, 1915, 265, 1782, 2051, 626, 401, 1677, 2059, 1982, 553, 396, 1955, 927, 1189, 468, 557, 225, 1471, 1875, 1283, 154, 485, 1982, 1577, 1895, 742, 409, 459, 1995, 161, 909, 1752, 2192, 1833, 1952, 465, 1877, 1484, 1942, 1709, 201, 911, 332, 1387, 381, 267, 567, 532, 981, 1724, 655, 698, 528, 2164, 2071, 606, 699, 569, 890, 349, 233, 1526, 924, 749, 2473, 1855, 2242, 1699, 2204, 1757, 1447, 640, 457, 1594, 1683, 1354, 551, 1760, 913, 2122, 1346, 1124, 252, 1405, 1041, 323, 1213, 133, 76, 1633, 1098, 353, 1610, 595, 631, 1411, 251, 2250, 893, 539, 519, 785, 2628, 766, 1897, 1724, 210, 466, 1337, 1602, 1233, 263, 2182, 227 },
			{ 1603, 2031, 502, 1649, 2460, 475, 436, 121, 1979, 1266, 910, 3000, 1135, 2238, 2018, 966, 508, 3034, 100, 1604, 1782, 0, 296, 2476, 2268, 833, 378, 685, 1737, 455, 1324, 1895, 1773, 1939, 1699, 1780, 368, 705, 459, 365, 2583, 630, 493, 2109, 1572, 1160, 1510, 2159, 973, 515, 644, 623, 1944, 786, 1523, 297, 2651, 2518, 2857, 1195, 1071, 1971, 752, 1044, 363, 212, 2121, 450, 759, 449, 2215, 754, 970, 2048, 1684, 1427, 1526, 214, 1983, 1761, 2779, 1175, 2059, 1367, 627, 1408, 1283, 2046, 1093, 978, 2395, 2055, 194, 927, 217, 1700, 1470, 367, 2558, 599, 1699, 1465, 1628, 671, 1140, 1033, 1732, 1618, 572, 1304, 355, 1095, 2139, 1359, 271, 1917, 1152, 965, 607, 129, 859, 1521, 308, 562, 603, 450, 1814, 1161, 2029, 507, 2128, 1617, 1782, 2279, 1685, 493, 1543, 1572, 1298, 587, 933, 2384, 2265, 2245, 1357, 1865, 1769, 343, 2431, 1623, 916, 251, 1241, 1420, 688, 1365, 688, 1535, 1839, 422, 654, 3117, 1236, 63, 2205, 1234, 753, 1017, 1714, 1866, 802, 1993, 816, 1648, 1737, 954, 1291, 1693, 1144, 1852, 1883, 408, 1929, 830, 1598, 2308, 2192, 996, 2008, 2218, 436, 628, 1705, 1482, 503, 731, 2983, 1591, 494, 1809 },
			{ 1681, 2153, 206, 1789, 2548, 363, 158, 175, 2146, 1249, 618, 3107, 877, 2352, 2075, 848, 285, 3115, 332, 1516, 1856, 296, 0, 2608, 2326, 566, 672, 576, 1691, 363, 1407, 2036, 1921, 2075, 1862, 1862, 663, 785, 235, 114, 2714, 448, 406, 2294, 1648, 869, 1251, 2308, 1207, 378, 390, 413, 2065, 524, 1588, 201, 2493, 2659, 2900, 1067, 804, 2027, 697, 782, 89, 155, 2177, 637, 653, 273, 2298, 484, 686, 2175, 1841, 1480, 1528, 225, 2062, 1869, 2827, 885, 2163, 1414, 350, 1589, 1020, 2119, 842, 686, 2446, 2169, 210, 633, 249, 1858, 1589, 103, 2690, 681, 1845, 1462, 1731, 519, 875, 895, 1783, 1766, 275, 1097, 61, 1235, 2180, 1471, 191, 1976, 1104, 714, 363, 172, 572, 1661, 21, 435, 307, 227, 1856, 1359, 2133, 474, 2222, 1727, 1941, 2375, 1899, 255, 1715, 1751, 1418, 337, 639, 2443, 2403, 2360, 1561, 1884, 1879, 330, 2584, 1809, 676, 48, 946, 1197, 420, 1130, 543, 1705, 1840, 285, 420, 3209, 1305, 245, 2382, 946, 636, 928, 1827, 2116, 973, 2028, 738, 1724, 1802, 729, 1182, 1821, 927, 2011, 2046, 452, 2032, 547, 1803, 2360, 2307, 1087, 2303, 2372, 139, 382, 1811, 1620, 518, 520, 3012, 1637, 694, 1847 },
			{ 986, 460, 2732, 826, 404, 2935, 2752, 2522, 569, 1581, 2847, 577, 2685, 294, 787, 2081, 2483, 744, 2558, 1780, 852, 2476, 2608, 0, 688, 2645, 2286, 2181, 1516, 2287, 1225, 581, 707, 537, 804, 822, 2414, 1824, 2844, 2722, 108, 2368, 2961, 605, 1021, 2977, 2830, 343, 1632, 2324, 2979, 2437, 545, 2611, 1097, 2744, 2497, 89, 917, 2052, 3327, 822, 2020, 2677, 2695, 2460, 748, 2026, 2137, 2416, 513, 2642, 3159, 433, 805, 1218, 1348, 2390, 679, 754, 841, 2960, 494, 1284, 2912, 1111, 2767, 674, 2630, 2885, 728, 460, 2411, 2888, 2690, 792, 1018, 2711, 82, 1927, 778, 1409, 893, 2286, 2724, 2131, 993, 860, 2772, 2430, 2655, 1381, 846, 1139, 2720, 832, 1757, 2594, 2963, 2552, 2779, 954, 2629, 2281, 2739, 2493, 986, 1372, 520, 2162, 496, 887, 715, 389, 1044, 2515, 968, 959, 1190, 2934, 2900, 661, 214, 284, 1224, 1089, 740, 2279, 205, 939, 3259, 2599, 3087, 2549, 2989, 2609, 2263, 970, 1211, 2371, 2497, 750, 1338, 2468, 489, 2970, 2167, 1968, 787, 1323, 1675, 941, 2036, 954, 928, 2476, 1950, 787, 2461, 653, 635, 2156, 612, 3053, 1046, 724, 333, 1525, 2726, 321, 2671, 2533, 811, 993, 2099, 2425, 1094, 1115, 2795, 1012 },
			{ 671, 536, 2406, 821, 330, 2681, 2449, 2282, 897, 1127, 2426, 882, 2200, 460, 251, 1639, 2139, 807, 2363, 1187, 493, 2268, 2326, 688, 0, 2226, 2181, 1810, 906, 1970, 947, 716, 806, 668, 934, 507, 2311, 1564, 2555, 2437, 728, 1995, 2717, 1071, 699, 2512, 2280, 746, 1641, 1986, 2658, 2064, 568, 2201, 745, 2495, 1808, 778, 595, 1548, 2949, 299, 1655, 2211, 2405, 2195, 149, 1845, 1750, 2090, 205, 2242, 2773, 576, 898, 847, 846, 2132, 318, 601, 513, 2490, 403, 911, 2579, 1165, 2256, 243, 2151, 2452, 135, 472, 2155, 2468, 2464, 900, 872, 2423, 732, 1671, 828, 917, 693, 1908, 2240, 1665, 542, 881, 2431, 1897, 2361, 1234, 186, 950, 2473, 351, 1304, 2142, 2651, 2314, 2364, 906, 2346, 1934, 2385, 2165, 475, 1377, 416, 1852, 304, 724, 871, 310, 1316, 2175, 1055, 1082, 1018, 2622, 2480, 116, 663, 467, 1319, 501, 608, 2000, 855, 1110, 2920, 2329, 2617, 1998, 2654, 2071, 1882, 1044, 605, 2055, 2116, 924, 1032, 2244, 1005, 2488, 1777, 1524, 659, 1710, 1534, 332, 1646, 625, 531, 2022, 1428, 741, 1964, 859, 877, 1888, 463, 2686, 1257, 56, 456, 1273, 3029, 804, 2356, 2160, 639, 920, 1810, 2025, 744, 689, 2675, 489 },
			{ 1661, 2186, 421, 1880, 2499, 812, 524, 718, 2272, 1099, 202, 3076, 312, 2362, 1987, 587, 335, 3033, 891, 1195, 1815, 833, 566, 2645, 2226, 0, 1172, 480, 1434, 506, 1425, 2116, 2020, 2142, 1996, 1835, 1196, 923, 625, 584, 2742, 318, 862, 2453, 1626, 382, 685, 2390, 1534, 428, 586, 267, 2104, 50, 1552, 734, 2017, 2710, 2751, 727, 735, 1938, 636, 217, 556, 624, 2080, 977, 510, 416, 2249, 82, 555, 2220, 1963, 1432, 1380, 651, 2017, 1892, 2689, 383, 2162, 1365, 498, 1777, 454, 2059, 283, 243, 2328, 2186, 660, 243, 810, 1981, 1658, 568, 2724, 859, 1945, 1309, 1754, 378, 309, 573, 1704, 1875, 381, 591, 529, 1381, 2056, 1536, 736, 1898, 921, 165, 609, 727, 138, 1763, 566, 435, 313, 386, 1754, 1601, 2133, 598, 2196, 1766, 2060, 2347, 2137, 341, 1878, 1924, 1504, 587, 255, 2340, 2458, 2372, 1798, 1737, 1907, 614, 2665, 1992, 759, 613, 488, 660, 546, 581, 396, 1863, 1660, 466, 207, 3146, 1311, 771, 2519, 429, 480, 702, 1864, 2433, 1214, 1900, 609, 1697, 1747, 241, 859, 1888, 418, 2129, 2168, 700, 2035, 501, 2028, 2248, 2319, 1167, 2825, 2463, 447, 211, 1835, 1719, 681, 226, 2835, 1561, 1259, 1737 },
			{ 1512, 1865, 878, 1471, 2328, 805, 814, 497, 1754, 1317, 1273, 2837, 1458, 2076, 1939, 1158, 837, 2903, 388, 1722, 1687, 378, 672, 2286, 2181, 1172, 0, 903, 1798, 710, 1242, 1707, 1579, 1756, 1486, 1676, 130, 710, 828, 742, 2395, 916, 807, 1855, 1485, 1521, 1826, 1954, 684, 788, 1016, 931, 1780, 1122, 1453, 654, 2827, 2318, 2777, 1380, 1444, 1895, 906, 1373, 741, 556, 2040, 381, 963, 760, 2096, 1099, 1348, 1874, 1481, 1378, 1537, 520, 1875, 1623, 2694, 1533, 1917, 1329, 1004, 1180, 1607, 1945, 1410, 1341, 2314, 1899, 513, 1293, 554, 1494, 1328, 745, 2367, 632, 1511, 1487, 1501, 929, 1468, 1240, 1670, 1430, 948, 1569, 732, 950, 2077, 1234, 630, 1838, 1250, 1284, 976, 507, 1218, 1347, 685, 818, 974, 786, 1761, 920, 1886, 698, 1998, 1481, 1574, 2141, 1401, 832, 1322, 1341, 1167, 959, 1301, 2292, 2072, 2083, 1097, 1839, 1626, 583, 2214, 1381, 1279, 628, 1607, 1699, 1063, 1658, 937, 1318, 1838, 716, 975, 2972, 1179, 427, 1962, 1589, 969, 1175, 1570, 1529, 647, 1944, 985, 1557, 1657, 1250, 1450, 1528, 1425, 1640, 1665, 563, 1791, 1208, 1329, 2227, 2032, 935, 1653, 2004, 810, 961, 1571, 1315, 648, 1028, 2918, 1542, 509, 1762 },
			{ 1206, 1721, 603, 1402, 2062, 936, 662, 621, 1792, 695, 675, 2635, 649, 1904, 1563, 282, 333, 2613, 779, 942, 1369, 685, 576, 2181, 1810, 480, 903, 0, 1117, 231, 956, 1641, 1542, 1669, 1515, 1385, 975, 453, 777, 670, 2281, 187, 980, 1973, 1172, 853, 976, 1916, 1097, 198, 853, 257, 1637, 439, 1102, 774, 1966, 2243, 2365, 511, 1150, 1514, 161, 592, 636, 503, 1661, 596, 77, 304, 1811, 464, 979, 1752, 1483, 984, 981, 472, 1575, 1427, 2296, 847, 1706, 916, 771, 1298, 788, 1623, 591, 723, 1922, 1725, 496, 715, 792, 1501, 1182, 654, 2262, 408, 1467, 912, 1288, 105, 675, 349, 1273, 1396, 622, 670, 591, 901, 1651, 1060, 760, 1469, 536, 493, 851, 647, 606, 1284, 592, 141, 575, 370, 1335, 1133, 1676, 205, 1749, 1297, 1580, 1901, 1662, 371, 1397, 1443, 1025, 822, 727, 1926, 1989, 1914, 1326, 1342, 1441, 344, 2192, 1512, 1109, 598, 962, 806, 845, 780, 84, 1382, 1285, 292, 315, 2718, 843, 628, 2039, 879, 68, 352, 1395, 1975, 757, 1496, 168, 1245, 1306, 406, 613, 1414, 542, 1650, 1688, 341, 1577, 880, 1551, 1838, 1860, 687, 2513, 1988, 563, 354, 1370, 1240, 270, 254, 2466, 1126, 1179, 1321 },
			{ 705, 1142, 1709, 1087, 1229, 2053, 1778, 1707, 1423, 481, 1623, 1787, 1344, 1226, 730, 870, 1444, 1680, 1837, 283, 723, 1737, 1691, 1516, 906, 1434, 1798, 1117, 0, 1331, 752, 1200, 1188, 1189, 1261, 769, 1913, 1088, 1894, 1788, 1585, 1278, 2097, 1640, 689, 1664, 1380, 1406, 1523, 1315, 1952, 1339, 1095, 1421, 632, 1885, 1201, 1601, 1343, 710, 2169, 693, 998, 1372, 1753, 1597, 789, 1417, 1042, 1422, 1015, 1471, 1990, 1191, 1210, 588, 325, 1549, 844, 923, 1292, 1638, 1044, 585, 1864, 1282, 1378, 841, 1301, 1636, 970, 1104, 1574, 1664, 1889, 1226, 929, 1772, 1580, 1174, 1145, 339, 855, 1192, 1384, 863, 570, 1130, 1716, 1012, 1708, 1054, 719, 886, 1869, 687, 589, 1319, 1956, 1737, 1570, 1057, 1708, 1258, 1658, 1486, 541, 1342, 1027, 1240, 1019, 898, 1262, 1137, 1618, 1482, 1266, 1318, 930, 1928, 1675, 1003, 1399, 1237, 1418, 427, 944, 1407, 1625, 1385, 2180, 1709, 1763, 1101, 1933, 1180, 1166, 1247, 307, 1405, 1377, 1811, 726, 1693, 1636, 1627, 1063, 771, 942, 2042, 1243, 585, 952, 700, 652, 1204, 578, 1031, 1105, 1303, 1342, 1329, 966, 1928, 1512, 907, 1195, 915, 3095, 1484, 1677, 1425, 895, 1032, 1233, 1270, 1409, 527, 2215, 513 },
			{ 1337, 1827, 445, 1481, 2203, 727, 479, 389, 1856, 885, 664, 2768, 759, 2021, 1720, 514, 209, 2765, 548, 1169, 1508, 455, 363, 2287, 1970, 506, 710, 231, 1331, 0, 1069, 1726, 1618, 1760, 1573, 1518, 767, 473, 585, 469, 2390, 208, 769, 2021, 1303, 886, 1120, 2001, 1032, 81, 696, 240, 1741, 456, 1239, 554, 2195, 2342, 2540, 742, 1050, 1672, 334, 681, 436, 272, 1821, 471, 308, 130, 1952, 453, 894, 1854, 1546, 1127, 1165, 242, 1715, 1538, 2468, 889, 1828, 1061, 625, 1323, 907, 1769, 707, 725, 2088, 1838, 264, 697, 563, 1564, 1270, 454, 2368, 383, 1541, 1098, 1398, 222, 775, 578, 1428, 1465, 486, 864, 392, 942, 1821, 1149, 538, 1622, 743, 587, 684, 416, 596, 1356, 382, 109, 460, 207, 1498, 1123, 1797, 125, 1880, 1400, 1646, 2034, 1666, 234, 1438, 1479, 1103, 655, 707, 2087, 2086, 2030, 1324, 1522, 1550, 127, 2278, 1544, 972, 378, 988, 990, 702, 947, 234, 1426, 1476, 85, 299, 2863, 962, 397, 2098, 935, 299, 578, 1500, 1939, 729, 1668, 381, 1379, 1451, 540, 844, 1504, 715, 1716, 1753, 194, 1697, 774, 1561, 2003, 1976, 762, 2351, 2069, 388, 307, 1480, 1313, 197, 323, 2650, 1281, 949, 1488 },
			{ 278, 765, 1514, 474, 1142, 1752, 1543, 1346, 872, 456, 1625, 1700, 1498, 953, 700, 884, 1260, 1712, 1417, 864, 457, 1324, 1407, 1225, 947, 1425, 1242, 956, 752, 1069, 0, 694, 612, 718, 623, 457, 1371, 626, 1642, 1520, 1326, 1142, 1785, 1074, 248, 1771, 1705, 967, 801, 1101, 1765, 1211, 680, 1389, 211, 1563, 1951, 1287, 1541, 916, 2102, 655, 795, 1477, 1491, 1267, 802, 898, 915, 1196, 894, 1418, 1934, 796, 579, 170, 426, 1200, 659, 471, 1460, 1757, 759, 169, 1693, 545, 1599, 722, 1440, 1667, 1077, 771, 1223, 1666, 1525, 598, 251, 1508, 1306, 733, 542, 426, 332, 1061, 1534, 949, 429, 486, 1551, 1301, 1449, 330, 834, 152, 1540, 598, 596, 1388, 1751, 1377, 1557, 381, 1428, 1057, 1515, 1274, 521, 593, 728, 945, 814, 341, 665, 967, 910, 1293, 564, 619, 179, 1723, 1678, 1061, 1033, 962, 669, 618, 485, 1076, 1240, 692, 2040, 1404, 1882, 1440, 1770, 1477, 1038, 546, 650, 1154, 1271, 1802, 114, 1303, 1119, 1774, 945, 779, 439, 1319, 601, 703, 815, 324, 417, 1272, 853, 467, 1292, 729, 770, 958, 627, 1828, 796, 989, 908, 327, 2354, 1042, 1457, 1308, 414, 341, 889, 1202, 1677, 311, 1729, 525 },
			{ 523, 195, 2169, 247, 687, 2357, 2184, 1944, 224, 1113, 2315, 1133, 2191, 391, 608, 1578, 1928, 1233, 1977, 1418, 480, 1895, 2036, 581, 716, 2116, 1707, 1641, 1200, 1726, 694, 0, 128, 55, 247, 432, 1835, 1257, 2272, 2150, 690, 1824, 2383, 440, 552, 2465, 2382, 275, 1066, 1769, 2413, 1892, 149, 2078, 629, 2167, 2340, 623, 1232, 1590, 2774, 607, 1481, 2171, 2124, 1886, 652, 1445, 1605, 1857, 531, 2105, 2611, 180, 232, 738, 942, 1816, 452, 279, 1144, 2452, 315, 796, 2349, 543, 2288, 513, 2134, 2358, 837, 255, 1836, 2355, 2110, 224, 459, 2140, 663, 1357, 197, 987, 385, 1746, 2228, 1640, 630, 278, 2212, 1976, 2085, 803, 755, 581, 2142, 574, 1275, 2083, 2394, 1974, 2246, 375, 2058, 1730, 2183, 1934, 678, 800, 299, 1601, 418, 359, 165, 506, 602, 1958, 404, 410, 623, 2367, 2367, 782, 369, 394, 675, 823, 258, 1710, 552, 415, 2696, 2025, 2576, 2108, 2426, 2154, 1724, 402, 935, 1810, 1954, 1281, 808, 1889, 445, 2469, 1635, 1470, 275, 995, 1094, 748, 1507, 512, 547, 1967, 1507, 227, 1980, 143, 165, 1586, 278, 2498, 554, 772, 353, 965, 2324, 347, 2106, 1987, 318, 416, 1534, 1891, 1405, 695, 2216, 705 },
