{"ResultState":0,"Routes":[{"Waypoints":[{"VisitId":-1,"StartTime":86400},{"VisitId":0,"StartTime":88494},{"VisitId":5,"StartTime":92087},{"VisitId":3,"StartTime":94867},{"VisitId":2,"StartTime":97510},{"VisitId":6,"StartTime":99171},{"VisitId":7,"StartTime":102123},{"VisitId":-1,"StartTime":105320}],"SantaId":0},{"Waypoints":[{"VisitId":-1,"StartTime":86400},{"VisitId":8,"StartTime":86593},{"VisitId":9,"StartTime":89526},{"VisitId":4,"StartTime":93652},{"VisitId":1,"StartTime":96899},{"VisitId":-1,"StartTime":98967}],"SantaId":1},{"Waypoints":[{"VisitId":-1,"StartTime":0},{"VisitId":13,"StartTime":437},{"VisitId":15,"StartTime":2928},{"VisitId":12,"StartTime":6213},{"VisitId":14,"StartTime":8355},{"VisitId":18,"StartTime":11195},{"VisitId":-1,"StartTime":14121}],"SantaId":0},{"Waypoints":[{"VisitId":-1,"StartTime":0},{"VisitId":17,"StartTime":2430},{"VisitId":16,"StartTime":6575},{"VisitId":19,"StartTime":8944},{"VisitId":10,"StartTime":12782},{"VisitId":11,"StartTime":15847},{"VisitId":-1,"StartTime":19276}],"SantaId":1}],"NonEmptyRoutes":[{"Waypoints":[{"VisitId":-1,"StartTime":86400},{"VisitId":0,"StartTime":88494},{"VisitId":5,"StartTime":92087},{"VisitId":3,"StartTime":94867},{"VisitId":2,"StartTime":97510},{"VisitId":6,"StartTime":99171},{"VisitId":7,"StartTime":102123},{"VisitId":-1,"StartTime":105320}],"SantaId":0},{"Waypoints":[{"VisitId":-1,"StartTime":86400},{"VisitId":8,"StartTime":86593},{"VisitId":9,"StartTime":89526},{"VisitId":4,"StartTime":93652},{"VisitId":1,"StartTime":96899},{"VisitId":-1,"StartTime":98967}],"SantaId":1},{"Waypoints":[{"VisitId":-1,"StartTime":0},{"VisitId":13,"StartTime":437},{"VisitId":15,"StartTime":2928},{"VisitId":12,"StartTime":6213},{"VisitId":14,"StartTime":8355},{"VisitId":18,"StartTime":11195},{"VisitId":-1,"StartTime":14121}],"SantaId":0},{"Waypoints":[{"VisitId":-1,"StartTime":0},{"VisitId":17,"StartTime":2430},{"VisitId":16,"StartTime":6575},{"VisitId":19,"StartTime":8944},{"VisitId":10,"StartTime":12782},{"VisitId":11,"StartTime":15847},{"VisitId":-1,"StartTime":19276}],"SantaId":1}],"OptimizationInput":{"Visits":[{"Id":0,"Desired":[],"Unavailable":[{"Item1":3374,"Item2":31414},{"Item1":-2147483648,"Item2":-1},{"Item1":32401,"Item2":86399},{"Item1":118801,"Item2":2147483647}],"Duration":3370,"WayCostFromHome":2094,"WayCostToHome":2094,"SantaId":0,"IsBreak":false},{"Id":1,"Desired":[],"Unavailable":[{"Item1":1424,"Item2":26579},{"Item1":-2147483648,"Item2":-1},{"Item1":32401,"Item2":86399},{"Item1":118801,"Item2":2147483647}],"Duration":1767,"WayCostFromHome":301,"WayCostToHome":301,"SantaId":0,"IsBreak":false},{"Id":2,"Desired":[],"Unavailable":[{"Item1":11954,"Item2":18269},{"Item1":-2147483648,"Item2":-1},{"Item1":32401,"Item2":86399},{"Item1":118801,"Item2":2147483647}],"Duration":1364,"WayCostFromHome":1969,"WayCostToHome":1969,"SantaId":0,"IsBreak":false},{"Id":3,"Desired":[],"Unavailable":[{"Item1":6800,"Item2":31444},{"Item1":-2147483648,"Item2":-1},{"Item1":32401,"Item2":86399},{"Item1":118801,"Item2":2147483647}],"Duration":1285,"WayCostFromHome":3119,"WayCostToHome":3119,"SantaId":0,"IsBreak":false},{"Id":4,"Desired":[],"Unavailable":[{"Item1":11556,"Item2":29866},{"Item1":-2147483648,"Item2":-1},{"Item1":32401,"Item2":86399},{"Item1":118801,"Item2":2147483647}],"Duration":2677,"WayCostFromHome":534,"WayCostToHome":534,"SantaId":0,"IsBreak":false},{"Id":5,"Desired":[],"Unavailable":[{"Item1":9077,"Item2":20052},{"Item1":-2147483648,"Item2":-1},{"Item1":32401,"Item2":86399},{"Item1":118801,"Item2":2147483647}],"Duration":1943,"WayCostFromHome":2298,"WayCostToHome":2298,"SantaId":0,"IsBreak":false},{"Id":6,"Desired":[],"Unavailable":[{"Item1":6875,"Item2":29551},{"Item1":-2147483648,"Item2":-1},{"Item1":32401,"Item2":86399},{"Item1":118801,"Item2":2147483647}],"Duration":2766,"WayCostFromHome":1712,"WayCostToHome":1712,"SantaId":0,"IsBreak":false},{"Id":7,"Desired":[],"Unavailable":[{"Item1":1198,"Item2":30416},{"Item1":-2147483648,"Item2":-1},{"Item1":32401,"Item2":86399},{"Item1":118801,"Item2":2147483647}],"Duration":1543,"WayCostFromHome":1654,"WayCostToHome":1654,"SantaId":0,"IsBreak":false},{"Id":8,"Desired":[],"Unavailable":[{"Item1":5709,"Item2":31688},{"Item1":-2147483648,"Item2":-1},{"Item1":32401,"Item2":86399},{"Item1":118801,"Item2":2147483647}],"Duration":2632,"WayCostFromHome":193,"WayCostToHome":193,"SantaId":0,"IsBreak":false},{"Id":9,"Desired":[],"Unavailable":[{"Item1":8919,"Item2":25051},{"Item1":-2147483648,"Item2":-1},{"Item1":32401,"Item2":86399},{"Item1":118801,"Item2":2147483647}],"Duration":3331,"WayCostFromHome":434,"WayCostToHome":434,"SantaId":0,"IsBreak":false},{"Id":10,"Desired":[],"Unavailable":[{"Item1":108000,"Item2":114206},{"Item1":-2147483648,"Item2":-1},{"Item1":32401,"Item2":86399},{"Item1":118801,"Item2":2147483647}],"Duration":2213,"WayCostFromHome":1584,"WayCostToHome":1584,"SantaId":0,"IsBreak":false},{"Id":11,"Desired":[],"Unavailable":[{"Item1":91932,"Item2":106377},{"Item1":-2147483648,"Item2":-1},{"Item1":32401,"Item2":86399},{"Item1":118801,"Item2":2147483647}],"Duration":1688,"WayCostFromHome":1741,"WayCostToHome":1741,"SantaId":0,"IsBreak":false},{"Id":12,"Desired":[],"Unavailable":[{"Item1":95135,"Item2":115489},{"Item1":-2147483648,"Item2":-1},{"Item1":32401,"Item2":86399},{"Item1":118801,"Item2":2147483647}],"Duration":1458,"WayCostFromHome":695,"WayCostToHome":695,"SantaId":0,"IsBreak":false},{"Id":13,"Desired":[],"Unavailable":[{"Item1":93581,"Item2":100149},{"Item1":-2147483648,"Item2":-1},{"Item1":32401,"Item2":86399},{"Item1":118801,"Item2":2147483647}],"Duration":1713,"WayCostFromHome":437,"WayCostToHome":437,"SantaId":0,"IsBreak":false},{"Id":14,"Desired":[],"Unavailable":[{"Item1":87433,"Item2":116159},{"Item1":-2147483648,"Item2":-1},{"Item1":32401,"Item2":86399},{"Item1":118801,"Item2":2147483647}],"Duration":2649,"WayCostFromHome":343,"WayCostToHome":343,"SantaId":0,"IsBreak":false},{"Id":15,"Desired":[],"Unavailable":[{"Item1":90462,"Item2":106820},{"Item1":-2147483648,"Item2":-1},{"Item1":32401,"Item2":86399},{"Item1":118801,"Item2":2147483647}],"Duration":2330,"WayCostFromHome":1169,"WayCostToHome":1169,"SantaId":0,"IsBreak":false},{"Id":16,"Desired":[],"Unavailable":[{"Item1":88017,"Item2":114379},{"Item1":-2147483648,"Item2":-1},{"Item1":32401,"Item2":86399},{"Item1":118801,"Item2":2147483647}],"Duration":2250,"WayCostFromHome":2231,"WayCostToHome":2231,"SantaId":0,"IsBreak":false},{"Id":17,"Desired":[],"Unavailable":[{"Item1":95193,"Item2":100275},{"Item1":-2147483648,"Item2":-1},{"Item1":32401,"Item2":86399},{"Item1":118801,"Item2":2147483647}],"Duration":1920,"WayCostFromHome":2430,"WayCostToHome":2430,"SantaId":0,"IsBreak":false},{"Id":18,"Desired":[],"Unavailable":[{"Item1":108196,"Item2":110934},{"Item1":-2147483648,"Item2":-1},{"Item1":32401,"Item2":86399},{"Item1":118801,"Item2":2147483647}],"Duration":2737,"WayCostFromHome":189,"WayCostToHome":189,"SantaId":0,"IsBreak":false},{"Id":19,"Desired":[],"Unavailable":[{"Item1":91661,"Item2":118381},{"Item1":-2147483648,"Item2":-1},{"Item1":32401,"Item2":86399},{"Item1":118801,"Item2":2147483647}],"Duration":3273,"WayCostFromHome":2112,"WayCostToHome":2112,"SantaId":0,"IsBreak":false}],"Santas":[{"Id":0},{"Id":1}],"Days":[{"Item1":0,"Item2":32400},{"Item1":86400,"Item2":118800}],"RouteCosts":[[0,2332,565,1026,1876,223,524,703,2094,1851,664,633,1843,2161,1763,2789,763,2824,1909,718],[2332,0,2246,3351,570,2543,1980,1934,454,732,1857,1925,709,319,627,906,2516,2677,443,2396],[565,2246,0,1358,1898,591,297,317,1917,1634,391,1029,1914,2148,1626,2864,307,2275,1803,203],[1026,3351,1358,0,2871,837,1488,1630,3120,2873,1635,1501,2819,3163,2789,3739,1313,3533,2933,1369],[1876,570,1898,2871,0,2096,1609,1610,703,795,1511,1400,161,298,544,970,2193,2838,428,2075],[223,2543,591,837,2096,0,656,812,2290,2037,803,843,2065,2379,1963,3012,697,2863,2115,688],[524,1980,297,1488,1609,656,0,186,1678,1408,147,798,1619,1866,1369,2571,605,2333,1539,494],[703,1934,317,1630,1610,812,186,0,1600,1316,122,961,1639,1849,1311,2580,586,2147,1491,466],[2094,454,1917,3120,703,2290,1678,1600,0,301,1542,1795,864,631,342,1350,2165,2240,291,2047],[1851,732,1634,2873,795,2037,1408,1316,301,0,1267,1619,941,829,261,1593,1872,2047,386,1755],[664,1857,391,1635,1511,803,147,122,1542,1267,0,852,1533,1757,1240,2479,683,2230,1415,565],[633,1925,1029,1501,1400,843,798,961,1795,1619,852,0,1329,1697,1453,2237,1308,3054,1552,1226],[1843,709,1914,2819,161,2065,1619,1639,864,941,1533,1329,0,408,684,955,2215,2973,585,2098],[2161,319,2148,3163,298,2379,1866,1849,631,829,1757,1697,408,0,630,778,2435,2861,448,2316],[1763,627,1626,2789,544,1963,1369,1311,342,261,1240,1453,684,630,0,1408,1890,2293,191,1771],[2789,906,2864,3739,970,3012,2571,2580,1350,1593,2479,2237,955,778,1408,0,3162,3583,1224,3044],[763,2516,307,1313,2193,697,605,586,2165,1872,683,1308,2215,2435,1890,3162,0,2225,2073,119],[2824,2677,2275,3533,2838,2863,2333,2147,2240,2047,2230,3054,2973,2861,2293,3583,2225,0,2433,2191],[1909,443,1803,2933,428,2115,1539,1491,291,386,1415,1552,585,448,191,1224,2073,2433,0,1953],[718,2396,203,1369,2075,688,494,466,2047,1755,565,1226,2098,2316,1771,3044,119,2191,1953,0]]},"TimeElapsed":1562}