{"ResultState":0,"Routes":[{"Waypoints":[{"VisitId":-1,"StartTime":0},{"VisitId":0,"StartTime":553},{"VisitId":6,"StartTime":3951},{"VisitId":1,"StartTime":8609},{"VisitId":8,"StartTime":12023},{"VisitId":-1,"StartTime":14720}],"SantaId":0},{"Waypoints":[{"VisitId":-1,"StartTime":86400},{"VisitId":9,"StartTime":87928},{"VisitId":7,"StartTime":91185},{"VisitId":2,"StartTime":93650},{"VisitId":5,"StartTime":95393},{"VisitId":3,"StartTime":98915},{"VisitId":4,"StartTime":102073},{"VisitId":-1,"StartTime":105892}],"SantaId":0}],"NonEmptyRoutes":[{"Waypoints":[{"VisitId":-1,"StartTime":0},{"VisitId":0,"StartTime":553},{"VisitId":6,"StartTime":3951},{"VisitId":1,"StartTime":8609},{"VisitId":8,"StartTime":12023},{"VisitId":-1,"StartTime":14720}],"SantaId":0},{"Waypoints":[{"VisitId":-1,"StartTime":86400},{"VisitId":9,"StartTime":87928},{"VisitId":7,"StartTime":91185},{"VisitId":2,"StartTime":93650},{"VisitId":5,"StartTime":95393},{"VisitId":3,"StartTime":98915},{"VisitId":4,"StartTime":102073},{"VisitId":-1,"StartTime":105892}],"SantaId":0}],"OptimizationInput":{"Visits":[{"Id":0,"Desired":[],"Unavailable":[{"Item1":5424,"Item2":16878},{"Item1":-2147483648,"Item2":-1},{"Item1":32401,"Item2":86399},{"Item1":118801,"Item2":2147483647}],"Duration":3263,"WayCostFromHome":553,"WayCostToHome":553,"SantaId":0,"IsBreak":false},{"Id":1,"Desired":[],"Unavailable":[{"Item1":12770,"Item2":30801},{"Item1":-2147483648,"Item2":-1},{"Item1":32401,"Item2":86399},{"Item1":118801,"Item2":2147483647}],"Duration":2998,"WayCostFromHome":949,"WayCostToHome":949,"SantaId":0,"IsBreak":false},{"Id":2,"Desired":[],"Unavailable":[{"Item1":3622,"Item2":31779},{"Item1":-2147483648,"Item2":-1},{"Item1":32401,"Item2":86399},{"Item1":118801,"Item2":2147483647}],"Duration":1292,"WayCostFromHome":1647,"WayCostToHome":1647,"SantaId":0,"IsBreak":false},{"Id":3,"Desired":[],"Unavailable":[{"Item1":5402,"Item2":29114},{"Item1":-2147483648,"Item2":-1},{"Item1":32401,"Item2":86399},{"Item1":118801,"Item2":2147483647}],"Duration":1851,"WayCostFromHome":1423,"WayCostToHome":1423,"SantaId":0,"IsBreak":false},{"Id":4,"Desired":[],"Unavailable":[{"Item1":1443,"Item2":30993},{"Item1":-2147483648,"Item2":-1},{"Item1":32401,"Item2":86399},{"Item1":118801,"Item2":2147483647}],"Duration":3429,"WayCostFromHome":390,"WayCostToHome":390,"SantaId":0,"IsBreak":false},{"Id":5,"Desired":[],"Unavailable":[{"Item1":99228,"Item2":104311},{"Item1":-2147483648,"Item2":-1},{"Item1":32401,"Item2":86399},{"Item1":118801,"Item2":2147483647}],"Duration":2374,"WayCostFromHome":1223,"WayCostToHome":1223,"SantaId":0,"IsBreak":false},{"Id":6,"Desired":[],"Unavailable":[{"Item1":88425,"Item2":115934},{"Item1":-2147483648,"Item2":-1},{"Item1":32401,"Item2":86399},{"Item1":118801,"Item2":2147483647}],"Duration":3550,"WayCostFromHome":485,"WayCostToHome":485,"SantaId":0,"IsBreak":false},{"Id":7,"Desired":[],"Unavailable":[{"Item1":96804,"Item2":102068},{"Item1":-2147483648,"Item2":-1},{"Item1":32401,"Item2":86399},{"Item1":118801,"Item2":2147483647}],"Duration":2383,"WayCostFromHome":1575,"WayCostToHome":1575,"SantaId":0,"IsBreak":false},{"Id":8,"Desired":[],"Unavailable":[{"Item1":86422,"Item2":107352},{"Item1":-2147483648,"Item2":-1},{"Item1":32401,"Item2":86399},{"Item1":118801,"Item2":2147483647}],"Duration":2130,"WayCostFromHome":567,"WayCostToHome":567,"SantaId":0,"IsBreak":false},{"Id":9,"Desired":[],"Unavailable":[{"Item1":91211,"Item2":111227},{"Item1":-2147483648,"Item2":-1},{"Item1":32401,"Item2":86399},{"Item1":118801,"Item2":2147483647}],"Duration":3035,"WayCostFromHome":1528,"WayCostToHome":1528,"SantaId":0,"IsBreak":false}],"Santas":[{"Id":0}],"Days":[{"Item1":0,"Item2":32400},{"Item1":86400,"Item2":118800}],"RouteCosts":[[0,1036,2102,1465,908,1656,135,2024,641,1935],[1036,0,2430,2355,1233,2064,1108,2372,416,2378],[2102,2430,0,1477,1262,451,1978,82,2157,287],[1465,2355,1477,0,1307,1148,1339,1403,1946,1192],[908,1233,1262,1307,0,851,809,1192,907,1162],[1656,2064,451,1148,851,0,1530,371,1757,314],[135,1108,1978,1339,809,1530,0,1900,698,1805],[2024,2372,82,1403,1192,371,1900,0,2092,222],[641,416,2157,1946,907,1757,698,2092,0,2069],[1935,2378,287,1192,1162,314,1805,222,2069,0]]},"TimeElapsed":601}