{"ResultState":0,"Routes":[{"Waypoints":[{"VisitId":-1,"StartTime":0},{"VisitId":19,"StartTime":412},{"VisitId":14,"StartTime":4987},{"VisitId":18,"StartTime":7561},{"VisitId":5,"StartTime":11127},{"VisitId":6,"StartTime":14600},{"VisitId":-1,"StartTime":17361}],"SantaId":0},{"Waypoints":[{"VisitId":-1,"StartTime":0},{"VisitId":2,"StartTime":169},{"VisitId":16,"StartTime":3506},{"VisitId":11,"StartTime":7381},{"VisitId":17,"StartTime":9556},{"VisitId":8,"StartTime":12755},{"VisitId":-1,"StartTime":17433}],"SantaId":1},{"Waypoints":[{"VisitId":-1,"StartTime":86400},{"VisitId":13,"StartTime":87400},{"VisitId":7,"StartTime":92033},{"VisitId":10,"StartTime":95834},{"VisitId":1,"StartTime":98420},{"VisitId":4,"StartTime":101440},{"VisitId":-1,"StartTime":103657}],"SantaId":0},{"Waypoints":[{"VisitId":-1,"StartTime":86400},{"VisitId":15,"StartTime":88157},{"VisitId":9,"StartTime":91119},{"VisitId":3,"StartTime":93425},{"VisitId":12,"StartTime":96523},{"VisitId":0,"StartTime":99020},{"VisitId":-1,"StartTime":103353}],"SantaId":1}],"NonEmptyRoutes":[{"Waypoints":[{"VisitId":-1,"StartTime":0},{"VisitId":19,"StartTime":412},{"VisitId":14,"StartTime":4987},{"VisitId":18,"StartTime":7561},{"VisitId":5,"StartTime":11127},{"VisitId":6,"StartTime":14600},{"VisitId":-1,"StartTime":17361}],"SantaId":0},{"Waypoints":[{"VisitId":-1,"StartTime":0},{"VisitId":2,"StartTime":169},{"VisitId":16,"StartTime":3506},{"VisitId":11,"StartTime":7381},{"VisitId":17,"StartTime":9556},{"VisitId":8,"StartTime":12755},{"VisitId":-1,"StartTime":17433}],"SantaId":1},{"Waypoints":[{"VisitId":-1,"StartTime":86400},{"VisitId":13,"StartTime":87400},{"VisitId":7,"StartTime":92033},{"VisitId":10,"StartTime":95834},{"VisitId":1,"StartTime":98420},{"VisitId":4,"StartTime":101440},{"VisitId":-1,"StartTime":103657}],"SantaId":0},{"Waypoints":[{"VisitId":-1,"StartTime":86400},{"VisitId":15,"StartTime":88157},{"VisitId":9,"StartTime":91119},{"VisitId":3,"StartTime":93425},{"VisitId":12,"StartTime":96523},{"VisitId":0,"StartTime":99020},{"VisitId":-1,"StartTime":103353}],"SantaId":1}],"OptimizationInput":{"Visits":[{"Id":0,"Desired":[],"Unavailable":[{"Item1":-2147483648,"Item2":-1},{"Item1":32401,"Item2":86399},{"Item1":118801,"Item2":2147483647}],"Duration":2778,"WayCostFromHome":1555,"WayCostToHome":1555,"SantaId":0,"IsBreak":false},{"Id":1,"Desired":[],"Unavailable":[{"Item1":-2147483648,"Item2":-1},{"Item1":32401,"Item2":86399},{"Item1":118801,"Item2":2147483647}],"Duration":2145,"WayCostFromHome":1558,"WayCostToHome":1558,"SantaId":0,"IsBreak":false},{"Id":2,"Desired":[],"Unavailable":[{"Item1":-2147483648,"Item2":-1},{"Item1":32401,"Item2":86399},{"Item1":118801,"Item2":2147483647}],"Duration":2871,"WayCostFromHome":169,"WayCostToHome":169,"SantaId":0,"IsBreak":false},{"Id":3,"Desired":[],"Unavailable":[{"Item1":-2147483648,"Item2":-1},{"Item1":32401,"Item2":86399},{"Item1":118801,"Item2":2147483647}],"Duration":2817,"WayCostFromHome":2351,"WayCostToHome":2351,"SantaId":0,"IsBreak":false},{"Id":4,"Desired":[],"Unavailable":[{"Item1":-2147483648,"Item2":-1},{"Item1":32401,"Item2":86399},{"Item1":118801,"Item2":2147483647}],"Duration":1446,"WayCostFromHome":771,"WayCostToHome":771,"SantaId":0,"IsBreak":false},{"Id":5,"Desired":[],"Unavailable":[{"Item1":-2147483648,"Item2":-1},{"Item1":32401,"Item2":86399},{"Item1":118801,"Item2":2147483647}],"Duration":2618,"WayCostFromHome":1313,"WayCostToHome":1313,"SantaId":0,"IsBreak":false},{"Id":6,"Desired":[],"Unavailable":[{"Item1":-2147483648,"Item2":-1},{"Item1":32401,"Item2":86399},{"Item1":118801,"Item2":2147483647}],"Duration":2280,"WayCostFromHome":481,"WayCostToHome":481,"SantaId":0,"IsBreak":false},{"Id":7,"Desired":[],"Unavailable":[{"Item1":-2147483648,"Item2":-1},{"Item1":32401,"Item2":86399},{"Item1":118801,"Item2":2147483647}],"Duration":3225,"WayCostFromHome":2112,"WayCostToHome":2112,"SantaId":0,"IsBreak":false},{"Id":8,"Desired":[],"Unavailable":[{"Item1":-2147483648,"Item2":-1},{"Item1":32401,"Item2":86399},{"Item1":118801,"Item2":2147483647}],"Duration":3301,"WayCostFromHome":1377,"WayCostToHome":1377,"SantaId":0,"IsBreak":false},{"Id":9,"Desired":[],"Unavailable":[{"Item1":-2147483648,"Item2":-1},{"Item1":32401,"Item2":86399},{"Item1":118801,"Item2":2147483647}],"Duration":1964,"WayCostFromHome":2044,"WayCostToHome":2044,"SantaId":0,"IsBreak":false},{"Id":10,"Desired":[],"Unavailable":[{"Item1":-2147483648,"Item2":-1},{"Item1":32401,"Item2":86399},{"Item1":118801,"Item2":2147483647}],"Duration":1807,"WayCostFromHome":2327,"WayCostToHome":2327,"SantaId":0,"IsBreak":false},{"Id":11,"Desired":[],"Unavailable":[{"Item1":-2147483648,"Item2":-1},{"Item1":32401,"Item2":86399},{"Item1":118801,"Item2":2147483647}],"Duration":1702,"WayCostFromHome":923,"WayCostToHome":923,"SantaId":0,"IsBreak":false},{"Id":12,"Desired":[],"Unavailable":[{"Item1":-2147483648,"Item2":-1},{"Item1":32401,"Item2":86399},{"Item1":118801,"Item2":2147483647}],"Duration":1910,"WayCostFromHome":2070,"WayCostToHome":2070,"SantaId":0,"IsBreak":false},{"Id":13,"Desired":[],"Unavailable":[{"Item1":-2147483648,"Item2":-1},{"Item1":32401,"Item2":86399},{"Item1":118801,"Item2":2147483647}],"Duration":3347,"WayCostFromHome":1000,"WayCostToHome":1000,"SantaId":0,"IsBreak":false},{"Id":14,"Desired":[],"Unavailable":[{"Item1":-2147483648,"Item2":-1},{"Item1":32401,"Item2":86399},{"Item1":118801,"Item2":2147483647}],"Duration":2414,"WayCostFromHome":1403,"WayCostToHome":1403,"SantaId":0,"IsBreak":false},{"Id":15,"Desired":[],"Unavailable":[{"Item1":-2147483648,"Item2":-1},{"Item1":32401,"Item2":86399},{"Item1":118801,"Item2":2147483647}],"Duration":2196,"WayCostFromHome":1757,"WayCostToHome":1757,"SantaId":0,"IsBreak":false},{"Id":16,"Desired":[],"Unavailable":[{"Item1":-2147483648,"Item2":-1},{"Item1":32401,"Item2":86399},{"Item1":118801,"Item2":2147483647}],"Duration":3579,"WayCostFromHome":631,"WayCostToHome":631,"SantaId":0,"IsBreak":false},{"Id":17,"Desired":[],"Unavailable":[{"Item1":-2147483648,"Item2":-1},{"Item1":32401,"Item2":86399},{"Item1":118801,"Item2":2147483647}],"Duration":2963,"WayCostFromHome":1214,"WayCostToHome":1214,"SantaId":0,"IsBreak":false},{"Id":18,"Desired":[],"Unavailable":[{"Item1":-2147483648,"Item2":-1},{"Item1":32401,"Item2":86399},{"Item1":118801,"Item2":2147483647}],"Duration":3431,"WayCostFromHome":1402,"WayCostToHome":1402,"SantaId":0,"IsBreak":false},{"Id":19,"Desired":[],"Unavailable":[{"Item1":-2147483648,"Item2":-1},{"Item1":32401,"Item2":86399},{"Item1":118801,"Item2":2147483647}],"Duration":3494,"WayCostFromHome":412,"WayCostToHome":412,"SantaId":0,"IsBreak":false}],"Santas":[{"Id":0},{"Id":1}],"Days":[{"Item1":0,"Item2":32400},{"Item1":86400,"Item2":118800}],"RouteCosts":[[0,141,1481,852,920,242,1097,914,2334,635,829,1627,587,1170,159,1005,1505,2098,195,1220],[141,0,1471,926,875,282,1119,789,2254,747,779,1550,679,1081,177,1146,1451,2018,299,1250],[1481,1471,0,2300,642,1241,471,1982,1260,2006,2227,761,2020,835,1326,1783,466,1082,1342,453],[852,926,2300,0,1770,1072,1873,1258,3179,342,745,2474,281,2007,1009,1077,2357,2943,959,1974],[920,875,642,1770,0,703,510,1342,1456,1518,1600,756,1499,423,761,1525,588,1225,830,643],[242,282,1241,1072,703,0,855,1047,2144,816,1055,1436,797,1002,104,999,1291,1910,135,981],[1097,1119,471,1873,510,855,0,1758,1672,1563,1898,1058,1592,897,953,1314,784,1468,932,143],[914,789,1982,1258,1342,1047,1758,0,2362,1290,576,1744,1158,1286,950,1893,1780,2141,1089,1900],[2334,2254,1260,3179,1456,2144,1672,2362,0,2959,2828,708,2922,1174,2184,2948,902,236,2277,1700],[635,747,2006,342,1518,816,1563,1290,2959,0,888,2250,145,1802,777,766,2105,2724,688,1656],[829,779,2227,745,1600,1055,1898,576,2828,888,0,2162,743,1681,951,1614,2133,2598,1023,2030],[1627,1550,761,2474,756,1436,1058,1744,708,2250,2162,0,2215,482,1475,2271,296,473,1569,1124],[587,679,2020,281,1499,797,1592,1158,2922,145,743,2215,0,1755,741,900,2087,2686,680,1694],[1170,1081,835,2007,423,1002,897,1286,1174,1802,1681,482,1755,0,1025,1919,504,939,1138,1012],[159,177,1326,1009,761,104,953,950,2184,777,951,1475,741,1025,0,1045,1348,1948,160,1081],[1005,1146,1783,1077,1525,999,1314,1893,2948,766,1614,2271,900,1919,1045,0,2045,2727,885,1345],[1505,1451,466,2357,588,1291,784,1780,902,2105,2133,296,2087,504,1348,2045,0,687,1417,838],[2098,2018,1082,2943,1225,1910,1468,2141,236,2724,2598,473,2686,939,1948,2727,687,0,2043,1508],[195,299,1342,959,830,135,932,1089,2277,688,1023,1569,680,1138,160,885,1417,2043,0,1048],[1220,1250,453,1974,643,981,143,1900,1700,1656,2030,1124,1694,1012,1081,1345,838,1508,1048,0]]},"TimeElapsed":1204}